61767092
6998133765
7626802658
1622468095
5314051485
752724843
6849382274
7920440089
5812701905
1342710099
2113905437
1284320604
8184575861
5329328929
5050691067
1917152228
1880436636
5985433055
6408575574
1302437087
1458167788
5594588027
6703060977
6815353498
663498484
1465472608
1689696403
6162500209
1668047559
985646875
1291670352
470142544
6849995390
7145850487
6223263385
713839282
659863618
1350292876
7246454072
5411507755
851192513
579177375
6304741609
5257945866
5845163496
6411746316
5964472935
7368330968
7146606742
5809176250
6704945902
5681315578
7124285606
8129722311
6606996992
7449025629
6323524130
699313045
6164231885
881800567
1371031654
6624422146
5622630812
1244054154
1881208358
6602987189
5871936008
1927220559
2036131893
6508583867
6527833193
639288370
7025808893
6722401074
6482368223
7342117792
6531657290
7840322134
8195553941
6691442914
1850408699
6714449165
6098459893
6463522870
5630303472
7605098198
1002422004
5095607891
1018993027
7013500319
1969708690
834876964
398186905
5906253464
1282699261
525522263
6197939133
5768094047
5932922191
6805774119
7133897474
1336316116
7201839145
570792395
5094784263
7258817716
7811717474
7515980805
8120372614
7528701617
5784965879
6077807876
7460528801
7990304965
8006004911
6832150394
1349204633
5177226724
7548110928
5888332487
7358884703
6748776866
7436945440
1532290080
1899400813
1942944964
455579068
5747221623
8193771310
6142892830
6608629521
7181732597
5979136350
6891769111
5511017290
1261039385
1395247261
534972579
6297498564
7554244179
5623466792
5183522813
7034620693
5156693926
6596100905
1889068024
6229417706
2042808921
7171345413
7010576469
1358363003
939105242
1835623463
6622612792
7160479168
1400386484
7062739902
6091608899
1015611377
1828884763
983880214
8038225758
6814811434
1389015338
6014164044
6021190553
6781221207
1239283138
7407588231
6905854325
6281753044
7864961636
6114523021
967706568
7886589289
6446354738
7868569319
5562959221
5821854610
765214871
6770573605
905952558
6828313972
6655970796
908429895
7191827683
5563437677
7585997613
1069159628
1025445886
6308968825
6889329714
6012499035
603096170
6794331698
7642813823
5856934723
6034172374
582840994
7219280445
5091679657
6035401904
6475443369
6852423976
5350795057
6785578643
6834389778
7563563743
5867158327
6563458192
5961491422
5609883972
6160337916
5880989433
6633706338
2058550654
5460633422
5572497286
1664670655
1003483307
1038307438
920258967
6825598327
7601206379
7228159950
5047664790
6570572305
1276254820
1611436327
1937340428
5235756262
987174672
6437202606
5882580829
6856393349
7828827918
6114711455
536851881
6699815829
5827327470
7285126775
6822107171
5758346304
7406921800
7222710996
6067814630
6160100684
7766129642
7052310885
7439038368
1532017254
6763485354
1631393129
5487052790
6470336550
6439259238
5045495100
7075400004
7392948294
5351803758
1525077295
5643292429
1584372831
6207432080
908915812
2138518007
7842798051
5884499975
5468523596
7952908230
7251656515
626061594
6510132875
7443502874
6465817497
5960715276
1338873116
7518245464
5656296930
2004489045
1815695876
1945846331
1529966230
5642422555
6078949927
6940052303
1305650537
1710079731
6833134302
7048733681
5357012859
1775647266
448118909
5028078661
1525929412
7487915375
6075922520
6630346137
5916873421
6117285821
6600397423
6310784546
1368657303
6780928921
8154455850
6971036202
6265141828
5828325374
327975903
1794779119
7152132435
2084173974
5983407687
1260914953
1316225065
5802248819
5231167474
6208569974
1547154655
7588853157
7290568269
6056788614
290243283
1338300387
1009991256
5305573822
1909260722
5025441564
7032085449
6936626171
6080711485
7363832467
5707571569
5724185866
6982909675
6534052443
7440254356
7075282171
5610382588
6975594980
7162783725
1598795826
6485997599
5006492667
1798366242
8080139544
6356693856
6015266004
7438694277
5216974349
6145556884
7344757553
6123512869
6782762372
6399766918
1214947298
6758339102
1891870866
5982280752
7399237830
1539495895
6600886179
1991430124
5816161384
5198934726
738365488
569713461
6948197697
7815598445
6067878094
744253949
7136485049
6059223037
2009959133
6267094466
5015363597
5361303236
5805696857
1589674147
6484632272
7781613186
7935899765
8133272351
7651283198
6549387826
5146836720
1600099293
1810844805
5090699222
7865046730
7155783275
957566436
7082163512
5934696692
5902473228
6900073044
5018763540
7251255673
5618187690
1587379361
6825822063
1295497122
7449444404
7106930844
6006851222
5809229979
5223279586
1663381402
2125264795
1480159953
450330735
6819878905
6042045831
1913180458
1986070366
6680498126
5267940328
648285053
5134158718
1134365918
6212253182
6097371542
5800281873
1610788844
1900967412
1636497605
1736634967
1922667676
6800547719
5004640803
1977668279
1808190910
6547454578
714100740
868035508
6159016325
802970389
1710837194
7443487795
6281012016
6841056418
5406906739
1532416779
1179856770
7806489170
6373915764
5030101003
2143875882
7122823607
6010476090
757629224
1999946561
7313422492
1726080230
7248802082
6796159293
7495532846
908174080
1954424146
6915178419
7835234809
1302557887
6011363088
7713388744
8011458608
5921266384
6842542459
5809186199
1931029483
6427426174
5756405713
1746866043
6711620814
7495191341
6381351249
6464114849
7200650184
7145120702
6989667464
5999923455
1985728144
6957545033
1940444217
7042262520
6961863020
957832291
7336377309
1728204402
7424038015
5932121003
5866187800
6580014809
7089898875
5077061707
7733895709
2002468585
7556509712
5641985625
742218680
760590855
7589090164
5190701135
7920281428
6751285469
7126804492
7512423883
6251005345
748632267
6681901674
1729500692
2007758639
7180777522
7550321186
498715317
1180646865
1709971170
7122087426
7395684530
7098342998
7035478247
5930201025
6066259019
6071772181
7386328715
7184550775
6183492516
7820945316
6252288144
7084507696
6027919610
7110059514
6054829822
7279569350
7558831751
6775431974
8042252516
6687595705
6892858283
791109787
6578101548
7710428698
7346233820
7760730439
6918144486
6471031700
1179334677
1237642848
1827287691
5909362817
1453133071
1051899105
6974324674
7154068780
1746235143
635019981
5219729622
8045817344
7699318973
5991644911
1205307640
6985023685
1943123568
5132476272
5648765967
6626479756
7210933645
7673599922
6572928758
1811723826
7014983369
6757427753
1840884322
1885594978
5848157092
7422194421
7517159466
1195549254
1984932197
522781079
5457391734
6932328822
7062890262
6763030357
6421758749
1373181852
6831110653
5550405893
8162213733
1658776685
6936720239
448157247
6963518122
6976716656
7855935741
6581827127
7329166325
5860425617
518828567
768117600
309473933
5020055794
1181852928
1528824161
1723026807
984880318
7126160271
839233796
1575955939
7498596710
1150231973
6331891508
5074765331
2132256963
5102742260
1286883043
6064737658
858501324
1111950280
905338837
5280948219
5731322512
7641992554
5308152685
1246582770
7566657958
7173025996
2045894788
7292086186
7433535213
454342531
1685221056
698070712
7819796066
7149392227
7257813272
5280792602
6118352563
7730929626
1109035652
6786717091
1618230869
318278021
7351824821
5060314346
7104570484
766706261
1879078405
6755498273
6104664875
6987412151
2117545166
6083785187
6120515239
7138914865
598925099
2065447270
963927089
1731190190
1351590309
7252340924
5970075591
1407858190
1360911548
544384985
6815792871
1567734779
1723905598
6193624171
5031662618
458487013
5002187483
5581560610
893015484
6333980199
7459894366
5473825758
6221757132
6463541168
1710151980
914320825
1896547648
1692787218
1604275140
5272876865
5728618123
1211031690
6393633620
6627659045
410548524
881032902
6936158165
1922745083
6698774805
7437138833
7526331348
5088112426
6039106010
1334844674
1752439384
6714774141
768668669
5502228850
6888010570
5676135390
677092564
5538500371
5022739917
6932745078
6959281404
5053669877
5963289625
1051407959
5119422136
7137290915
5033829515
1395260293
6385096383
6922964288
6754619241
2040216392
1843878911
976672167
7080279569
5699843635
1206230466
7386264651
6516212028
7185924885
7286317037
5425990446
6641921354
7495060444
668709913
7018034447
6595949051
1948435513
2110867945
6697248343
7020658734
5312677635
5993787830
5580042488
6071373044
7228034768
5972766393
7160612320
5031025787
5286604166
6961093204
818972187
7176973074
1936855712
1469652481
6064278627
1749447868
5731273828
7062964409
6210658788
1118450097
1162027422
7049009348
7614633533
5727050787
6154293880
7818695217
7771993657
5495003677
7043966190
8017002832
5458508651
1609331320
63862170
5841007410
1951321868
7288163597
7197443997
1625591409
1422108925
7595752694
925071048
5926047044
5318073848
607238798
6323189465
6472957156
1807837391
1110855120
1329446524
1848361724
6195189234
7278854255
6838010725
7155313403
1626579570
1798252409
5037099541
5901182710
7091061281
7893848799
7303800254
5424721613
1727419378
7142823992
7183555420
7413615088
1894751535
5714636598
795392619
214404809
7305037364
7869120880
1628072235
1805054007
1785226826
749976001
6451779787
7175659037
5792800083
8057738398
7840035918
5808516821
6077821581
7691854360
6413625103
905622644
7642185770
1272845559
6486067314
6944823115
6266621669
5860194320
7017443839
6005132276
5014612406
6588407736
5424047901
7465806622
180026073
6891678676
6676010848
7843467602
6926778829
7039704940
7476057798
7492203008
6669290648
6977377366
1704454319
1747305914
5113429034
7295278388
6409332655
5313913882
8192304771
7233145187
6028084570
1712457552
7759702071
6331014719
6224178755
7536050147
1224277621
5974179777
1771290067
7002329344
7319852565
7287439581
6816311153
5389641499
8107243748
437587992
6801500816
6423711538
1746494241
6809968368
1073101056
7490985604
5530676646
1831199933
5334018850
941853758
6415906202
1290511299
7180702518
1088256070
5291996302
5490914282
1813801433
1831606130
8065380815
1000310581
7278223010
7856130094
815993998
5233519088
7458741858
5854291553
1413740695
6507978264
5746336730
5956642997
2085256225
6549117966
7105433920
6655762178
6866686061
5648934969
1655160391
1504265789
6179361446
1195459191
1485062246
7371997181
8181404037
7283609432
7047376542
7607385982
5689286348
1940131182
6800311991
1048309594
5836367767
1617288595
1049071845
1936525221
5187207226
6971563425
6334352432
2130593764
6762431381
5954852030
2003789301
2146236300
803286201
434769181
7184443989
7739048720
6067294647
6726810919
1893310541
7625643361
7806450211
5880195590
1968893932
6770689842
7350428001
7429768650
7163689297
6759729420
7908686675
7215110905
126129232
6268093446
470983321
7719460469
1147796349
1115065818
7040089244
6737807360
2107806785
296023024
5306557696
7437867420
5351912082
1957281396
7241398835
6123201716
844585150
1813563016
5123904987
5738892905
6183641376
6673542541
6891488031
1255014822
1390619793
7290342573
234880964
137018637
7556942435
619985951
970927408
1787815325
6604524139
6131423538
6839893701
6849167210
6908957578
6998120039
7228554488
7258593537
7294959397
7300314704
7332219833
7344859735
7367743132
7461799931
7461819277
7477631112
7497057147
