7394042412
6074281063
6411343875
6869615791
7088977416
7105997972
7192773677
7221545812
7224279493
7227922867
7240802868
7247198643
7271384937
7275514157
7316243675
7347422693
7349181679
7352484956
7358768583
7375514810
7405531268
7434176868
7436238328
7457640227
7475406533
7487434482
7496258453
1490090319
2011556682
6213397702
6641338666
6703872271
6849820285
7040041155
7066185626
7107090570
7215691270
7237325750
7250447432
7253302895
7260254816
7266396517
7270455321
7294623726
7303472945
7315975132
7409385476
7415760183
7478890938
7483356627
7487459437
863113571
6163736434
6332415207
6850201766
6945674719
7020378727
7090542185
7134201453
7164296341
7215765396
7276698907
7312593972
7331669131
7357074624
7375587159
7420596717
7445389167
7449413472
7482453664
1019122132
5031744143
5366730585
6763772247
6864822819
7068625924
1741586653
1981110781
6186287700
7757007922
5441247327
5179693864
6897717965
6926671948
1558189132
6530851942
5089778756
7059667217
2116455373
636046781
6542351179
8196498909
6480439110
677303846
6155991832
767587277
1971677506
6503532828
7736059050
5245393684
866749850
963913214
1547513661
6038082647
1577863521
1995495514
6480895145
7085471971
6265335630
6566642775
5293171026
1267661624
2096840359
915904556
6623088187
1830388157
1936699354
6538461418
6631591654
6712623484
7177165493
7186958688
7203408770
7221062429
7857435827
5769221913
6028931275
6354220399
6430868507
6858041631
6977796017
7007701261
7021363111
7050404416
7064841502
7107593859
7116771142
7125458576
7183193551
7193993643
7429066609
6214479293
6333326123
490892591
2063669745
5464501644
5674821430
5006371274
6344660176
5288118039
6545260640
7419357934
5726851187
7368673505
6877415591
1726001719
446702433
7113377025
881620834
729932054
7378607500
8169883661
1757408455
5122868942
6106602887
6683109654
6743117743
6980190675
7146891745
6418848372
645395466
5448901999
6030460517
6689186997
6746334565
1373222635
7074427408
1196038223
1943283089
5046705372
6354659099
6608983127
1742651460
606968439
6186859046
1505879100
6698232577
723904127
7213797260
5547499583
1905466068
5132254469
1017657367
709218444
1594655981
6038504962
6261779976
7494752964
955800298
6096914477
6602800356
1416806652
1843711109
1975432780
6406395130
7008290300
7136570522
987969085
1345626331
1602297979
5322800161
427264768
1290548627
6115104181
6418700022
7260336811
1866221605
6827430222
8113682691
6538472280
953025255
6091199664
7544575629
862794642
7427376048
5816289930
5993160199
5181494385
6571119473
7207436164
1311917986
7053651471
1892026158
5626761080
6944024015
1862735707
902190174
6697416770
6976350466
7400200372
1138544371
1849202259
5509408406
1233872197
1911010484
6766558254
6992166031
6026656684
7290927387
7864234313
1988349
1419903536
7239797641
5930153234
1770821734
2113606088
924242427
1331218977
7329461834
7522556672
2045378793
2060153658
5706493152
672012981
6909632867
244022515
2065641721
6874088733
6494998765
6627680906
1609276147
6828861499
1508909310
5385974357
1180216366
1417488261
7115297963
5169340282
1735184508
5386018711
7171173651
913750565
1267666693
1681080634
6564825667
7332681129
1043168532
5980451172
6848853576
1369613528
984479106
1336591029
7254403358
819680339
1331036450
7324167868
1049677039
911814246
1534768323
1661581405
6089514608
6672750787
6985939995
5482260740
5507092468
1176057539
7252932249
2006367090
1605124727
2077911285
5623721842
1986883606
5643782904
6885652512
772204833
5594886654
7240220409
5666589957
1689887507
1983188212
6395604685
6926069560
7270126684
228789844
5908586777
782734821
1213109001
1904251712
330063992
5933363899
6552301969
2144816172
7434141804
5628593496
7451103209
386493607
702082651
1622132558
7442674254
6905779456
7385814742
6333099292
7071207340
7829624743
2123495810
5985819359
7908392469
1284915184
6542162078
1908268908
7436165844
1145631565
2135852244
1404571848
6044773580
6907936101
7168957357
7223349236
927263752
1387865958
5178918286
7268585371
1105502558
7264618282
6779903479
5076133787
7467002194
2048321728
1020501203
1937357032
6865027410
6854616663
1171338499
2021902977
6387091205
7032994363
7532425481
5936924997
6745669735
5913635154
5820912626
6286969864
1329713610
6646864534
7445119087
7467593987
583688296
1835912473
5331320751
5882027010
6029922441
6744194281
6332999739
6444028582
1934150448
2058440109
1867487764
5454399332
5006400634
537130951
791574982
1470079528
1666660129
1493046084
1744487270
7478664493
1327961385
5854206990
6654783277
7025852670
7068432630
6946072233
5793733238
1944613832
7358239436
5180067516
1886573945
6724488644
5091726541
5517619398
6283187447
5709635670
1721094955
879085603
6216455039
1416344721
1442538431
7100672297
995171972
6953530017
7811032257
5866129975
6574182880
7094649336
5040578100
1460340772
212638920
728480698
1789092172
1877027570
5672945447
6167583699
7321137897
7712696851
6014460741
6796478672
5020254489
6068251699
6891150993
1704861262
5198207617
1495015062
2083786946
6436155342
7169949565
1480146917
6319655081
1735373527
6989754100
7401805935
217272441
6124431851
6660671482
7033182734
1858379083
1904647064
6581700035
6627644498
6812640057
6959789903
6103065247
417801392
1691022021
5598198393
1818295834
5180460419
1870294159
1995243380
1740295036
6987307144
7081716674
7266913445
1190077867
1246100442
6118472845
1207318856
5026930443
1446204596
1690031904
2018150779
5651987953
7511355807
1793098689
5927734019
6342812695
1293186196
7298664622
1985969099
5244784627
7213871683
7344598306
6821962604
7404164503
2108892229
6145260907
6599322698
1120707323
5408395060
6016875270
1575046086
6229254639
7242809957
7259530131
5575809677
5144003960
6510149596
884582297
1060162923
1694174270
5289835160
6745952564
7074518635
1934210866
1705210829
6400943175
7513015687
849551151
6690903285
5681726951
6788829662
1818540698
5918647702
1618519202
5471315444
7024206998
7340531305
493003320
1299934714
2070445211
5298678884
7274701076
5193750367
1841853249
7134553481
6520781552
7050432828
1164723813
6766949809
5162891508
6250478983
6630137733
6840441804
6220504391
6769907333
1566309513
2045902704
1587159729
279724385
7531285010
6318361852
6448491359
6504962963
5035310026
1683630251
119730467
702565160
1797297742
6002666731
848868616
1068644947
1839401753
6616625840
7505624104
1275858957
7396834199
7326707042
1884611918
5121257796
6012067307
7255944171
1841888481
389496911
5333093297
5128721366
7286437566
2036841928
5554271704
6928904970
5677880658
6453279299
6137087004
6083946530
6349588568
1112057201
385400307
5492749726
869392206
6657749982
1481682319
6177630508
339696723
1592968923
6202407608
5398024362
6664524369
6717530750
516283531
7314187967
1053096376
1443176432
1692764062
637169151
986333742
1508981202
5680724976
6363879364
6448776351
7053244719
583314156
1703623921
5141861576
6753898731
7201578892
598552716
1888395981
1426325195
6254642228
6870228726
1769633884
147631898
6040375077
6225170239
1803586203
7217066395
1880218403
1687843863
6706762991
6962593915
565775735
2049984512
5834859425
6336581065
6681340138
570550716
1421056833
7967662864
6312586194
7545713157
5035769184
895694356
1669160748
6004411264
6036741313
6425858753
7364754873
7384766190
5969805756
7336782131
7438759961
5453509902
1175319034
5007256501
626852619
1645815035
6439754685
1937106800
831674331
1328787821
6083471089
5264288686
6280319537
6504789328
6758329445
6846997131
798570535
1131581762
7932867241
634474667
5487709902
7078103369
2064087430
6575918028
6742830348
6169036063
7452259307
451822441
6767246881
1287734785
5739096226
726908902
5617651097
6910752377
1943810346
1959741189
6120120193
7200364204
7245912105
1020121475
7394504320
1676760433
5637048783
5765081090
1163089347
5194209553
7279732206
1118291887
1864547223
402267621
834364952
2147279426
7076503461
5913071110
1822625311
6136528614
6529977763
1348520570
2026038381
5033429973
6778085411
5345845247
6726952143
5435719634
5889005697
6055123650
6186550782
836578440
5831947288
1705065021
5555295515
1013627404
7111472944
5047942318
6102429417
588846767
1390662604
1742470227
6900515055
6503652197
6682448576
7038268289
5593299458
6134370883
1172850220
5379837924
7275326511
5850729295
6372648038
5847652159
6035745372
6147741406
7374162157
1917031274
7059736183
6442185692
7147862595
692111520
6720188446
5472279494
6016149388
7499686678
6737986100
1409039188
6146159945
5666635849
6977584353
7438636029
8051263986
1318337415
5627149329
6281178929
1731015951
6503915229
730382583
5028036894
6653709074
6261309060
7304780077
1804596824
6311030340
6549155347
6613833658
930893539
1688598031
485668481
7393315703
2126192792
802470847
1960523819
6133850795
2105194500
7788712575
5759087740
6362972645
7153096127
5862999330
149684443
865825186
6761758505
1343262290
7449740332
5927515211
6177830544
5512995877
1142748678
1948778525
318219931
6901008698
6589822672
998649020
5941541704
1562394153
2092127020
7449651288
1645345650
7050188870
320825669
5871258923
1753745910
7054220318
779510589
1025499122
426915689
5119774585
7191312721
6198936505
1192305438
1715655509
1471351598
1835451153
6280390305
740441624
614133063
1669835210
5962235231
1660716977
1680349178
5382299372
6706580860
1980142816
6122860353
6331318480
1549198917
1954731488
7194213013
6854347442
7238458087
6673032825
790518630
5471666799
7440647044
6525401604
5925455137
5900648196
1751024494
6448066315
6965169967
913521281
1115526414
6500339371
6855615415
6192780376
7450489460
6463348648
7442124923
6437415663
5875436376
1121101090
6054831767
1197235031
1496217251
1848822461
1193345942
1391165026
1783730513
6289731470
6920151496
581171978
1281876005
2006524149
7382146351
1010211747
1470093454
6745628476
7185808288
1067743482
5960799182
6934643257
1041518603
6797620899
1388028971
1102807125
672162438
706245725
7643820010
394471569
1033436302
1415949369
7053791326
7102986197
1945229438
5039948070
5217571660
2039339012
5213380134
508265285
6901709192
7104745276
6554251078
7350517116
6424075335
2122102473
5146981744
6478215620
1040274619
5192210317
5057591181
1219405966
1911704103
2139026683
5549895681
6615545480
7019871183
7082416178
6130793988
7093596876
7383408351
7878086162
2052172667
6478690033
791417953
5136107285
5854164315
7416258854
1902812426
7834797526
1403243283
1382272792
1809418710
1656998530
7356449750
6974068901
7219533426
6128705433
838009287
7214109674
5219935432
6464783248
6616110990
1457032423
1779614763
1667223297
7184144114
2001302708
6798422674
917047360
1652670776
1662988345
5523195597
1808432522
1886921531
6762392643
6772084409
1347938655
5793956480
7174891368
1724215461
785940553
2015383741
1130035283
5135261313
5314584126
1900500099
5112325421
7024412954
837067443
2121083642
1421653859
5804156435
1057601058
6364173007
1320244574
6305716697
1019773109
6039851705
7104534766
5364675556
6779677813
7301805400
7528189852
1023155764
1835891696
5237217802
7035421342
1030718928
2119405955
7880490881
6474763854
7099947508
7560859572
735133376
