7538670385
7227672434
5947742071
6032335816
6614869261
6030934460
5057360369
674153226
1989123900
7052982958
7394604884
7239165830
1943703539
1308777143
6014791503
1554779793
6830496977
7084963461
1644666377
1786150264
6583708237
5883623238
6097376151
7098326207
1941663781
6243537500
503602443
5970137824
7154391680
8003909675
1644904673
6832649806
6471076244
7118674658
1796629483
7783823080
7020529021
1252719747
1204545620
1604694781
880377432
6513566358
6186387419
6453735516
6239974962
6064581519
1918992353
5067582470
606120030
2109935190
5479548894
1582066155
349538905
1678470161
6193105478
6858521722
7843121636
1259990125
6157174761
869125305
852403745
2095997380
7383482165
5133210497
958334473
686144901
7541991588
5952449526
725339270
556249256
6611243340
6414225861
6978007207
1343454679
376191266
1991278664
1055764693
1021557438
6892272653
7239758553
934438266
6457037937
368096189
1276498438
6605156160
1850541968
6649303791
6069111804
1087764579
6079079235
7073623643
5586242322
6436469926
1899948583
7808900725
6345805831
6832107239
1759894913
1760558123
1237286329
7839643443
8042082341
6320512550
7167683344
1067280468
1631302674
7180684334
2042005712
5516148235
7769367438
5190844586
327675119
544456307
7525871236
5851452807
1477057850
5386761700
1855390441
5418995469
5955146580
7098600590
6150497497
642850535
1461182656
5008010309
6809707914
2080983677
7093418643
5124417509
1247270938
5830940331
7891526769
1841301463
7300753630
7410766580
7515429352
6329503077
1080326594
7156541695
5787600812
7770386910
1969067343
7182931755
464998008
7112698110
541457463
7092834272
1791922312
7920084858
7250000095
6614756019
1631016238
7586155671
5641081610
1576151595
7533588315
6705992099
7296218308
670350511
6852188828
757999998
7384459315
6113399863
7387416091
5851179768
1193580384
7222700074
586520683
6841724708
7630893156
7786343211
5035033700
1768212609
1264339654
7222247933
902084905
7047689774
1407538602
1858929628
7378087507
935912535
6509075001
7188571870
7908558506
6272423878
8157685828
6518578382
1008749617
7059838555
7484596315
5229321980
201101954
889124117
6309081148
6814073093
7490893711
7727701036
76809844
1267072891
1181840730
2027453060
7422302673
6303820144
7019046315
1057651714
1597757831
2009526913
7275039378
1953413830
6987126945
7248896365
6580732455
596058605
7250771100
6419723893
6139433758
1695940226
389466844
8111232939
776913698
1327953501
1834401750
6147970432
592091173
6661065651
2025982790
1710983032
1083592963
1109102119
896293572
7351059146
5083971245
5847276066
915714675
427785179
1968510945
682612005
6892910642
437927837
5848420449
5793124743
6743351037
7310663425
358091522
7047005494
517972795
351250737
590981057
7148544352
1114175955
6912526228
6497841881
5020137047
5349595026
6817753131
7212029971
6384171790
6795328973
399727233
1777977139
7237161205
6663744124
5187960331
7727960554
7005221363
2061763944
7896637442
1681055459
499388922
5656476157
5416774445
1772820362
5327100953
665836141
6777451019
5838479408
5062705040
5857658847
6892433971
1328852361
6695030900
7326005600
854847689
6475747823
7942445159
1741278076
6491188090
5094608069
7436214957
1591172119
5484175574
1829642733
736986330
370516856
6727990228
897888289
1373858444
6564276055
7019212719
7297378012
7321940196
5230478090
1750947696
5355340891
2075706576
6843804127
5952781130
1664730374
6287527809
6990818989
6203901449
7403843598
7535575727
6399439800
834336010
7313116837
7382748662
7610436302
7746724514
8006667978
1134272143
6162606148
5849661505
7182312543
7223492185
1231196597
7483408633
7091361819
5155211643
6829317238
5643985110
1820912108
6729021687
6641217296
1437143418
1963481558
2146628699
5319770238
6022877499
6013319780
7392263240
6250833617
939030989
7240502276
818339308
849478745
6991776614
6350160924
7042705966
7326434821
7655312337
7674783212
7797746411
8001079310
6553653147
6623699460
6931216449
6170316307
6623249607
6935620528
7030245569
7407943137
6912876699
2017640743
6023417455
5299545035
5990761012
7360167740
769895838
6360804875
5083779822
7476325319
6605979414
1049122220
5467185614
1393967499
5983342842
6847610112
6800790169
7116010295
6521544931
5003772628
5255652445
7135556045
755882132
1911033606
5258568253
5823504381
1482376925
6805816319
512578625
7150277553
7022416967
946737842
7108111446
7596324297
2028620966
6438066625
5593929162
6209322429
6070286597
6405317994
7226103707
5538550069
7592864236
6540959721
7255236809
1663521052
7259677731
5892963371
1858034208
5007272881
7423285698
7801728666
7465407036
6754393462
7349468492
5150073556
6131282897
5524946773
7603678221
6406815054
7688514359
1322348768
1987715072
7520379994
924400247
5831687738
7518854737
1437637217
1360470180
6376613256
7262128591
5514148906
1157090192
7904924442
1722931672
7370754197
7472457271
1869289254
5767113309
998946018
6218821351
7351551147
6511583058
1062287803
1875525790
6544149355
7770636014
7414281183
6829222032
7198832640
5858903511
6101005107
6978229314
7072694710
7338271721
1982981278
1924601565
439885102
1787706510
5375148030
5536694810
2028807475
6414687269
740037437
1813763691
5509131929
6130338607
6467675480
1070901277
1934002950
7134412525
5329113221
6446469217
457213268
6973939441
750229238
965124818
7073429844
6919937947
6917100683
1575849348
2126234531
7978969382
6466643785
7116961133
388851435
7347030031
6509971166
7489573563
6655316206
6838204313
7433318372
499207104
6108278868
502264032
7557584496
1650137822
1836875943
6033613310
1891462461
5675747576
986233842
6503413960
7260985107
6848340199
1628525455
6000510995
6814179048
7298178472
5736366232
6050367079
6895873044
5529613794
7298528974
1847951219
5843868344
6051206214
5719735485
7679210432
509704411
7606176651
1507393258
7221394980
7092280495
7189045166
7163566594
5324003515
6237062076
7359694606
1192308507
6846265636
6617503791
1047226263
2100018356
7594995121
686205523
1014515843
614431840
7133973821
7414445340
5374549047
6225111464
7750805263
250333396
1904008737
1674417322
7068432834
7236863301
5691137098
1439307065
1919754187
2116399453
6539315634
7299755034
5639691541
7054122456
7115419839
7603705956
5231810884
6655627547
5199214504
6497460748
5401066926
5266404738
5769688207
7078343270
7133558817
7025919152
7085473553
1083039472
6734222228
1349223074
973664821
7205195652
1491965196
7432485022
5975083372
6443388942
1352284680
7229802619
587353273
5615938672
6904876542
6731415673
1873615078
7196219474
1102653317
6561080787
7023555040
5648159297
1859312496
6816545728
7049858378
7058625292
921071911
1284866119
7557433733
6204098472
7270297346
5126044162
5678518119
5469256587
6876993934
1610022629
1966364032
7165073433
7217154503
1139627155
6627285304
492341011
6916116588
2107685609
5811341379
7130359116
986130088
6686976966
7346248668
5819701601
592156773
747082248
1029152781
5459387090
6217177673
1093564658
5277268913
6079863404
5663864685
6983977250
638217769
7082247848
1469237024
6568912145
1477662200
6869778088
7408239247
5051678822
6612185256
6166085366
5505565535
1286197714
1535420806
6835093257
921607680
5133173644
5633528563
5603759731
7351924048
585486077
7248487916
5343711992
6774905032
1497538811
6777701566
2105703940
6249980009
5644657323
6626163195
1661633887
1908871883
948869685
2070771069
6311850464
1812324039
5082027255
5698340410
6755986793
1273186588
6753240223
7084435263
1892030236
7173038618
7213866653
316497441
7249830292
5948783717
6384428283
7236956691
593826330
7169703788
1346397419
1149606234
6882845607
7314098938
5508231295
6638225844
6926878845
5358495002
1089509925
2005766101
6289089123
5059605326
5758590539
5521443221
6440748280
6544423844
2007934068
1632097093
2046348168
933245353
6928047913
7150163886
1823329795
6559427308
7654154074
263167674
6066038483
6469259622
1399980771
6781386139
1377459579
5401155158
6803643165
7529137761
5073168551
6734371816
5278987180
1363229978
7290711665
1934454522
5157242880
7614943837
6789010472
7478329096
7533519478
7839895688
7440249427
5225061232
5758035162
6375837628
7279355798
2121090469
1643468393
1394867903
5486265215
1989640920
7586814609
942897535
7939441905
6534108186
5002183825
5784022562
7471299294
7136985128
831758341
6756450333
7139094659
6637344861
7112666501
1773607365
6112665870
6897638675
1843515673
6584746465
7056793663
5710725715
5881983518
1519618834
7162852085
1764436740
5985306412
5156223573
1819721812
7450780661
6323496610
5142651079
445624608
1890871595
2082229646
906509178
5335036319
6360903419
6641344979
6686242712
7145649720
7344659786
7645796469
1838787133
6789256854
5286015373
7353028789
5563656419
7233648006
6766843886
6523244711
1949916380
343687625
5000045201
6479801067
6497236025
5953402077
6191313726
5746541907
1817228502
870541951
5042978927
838085914
814575541
7001860936
6397902059
7184444351
6397034015
6755279710
7117319794
7735006688
5112311053
1498380335
6849052883
6298925558
7272345538
5626268846
6560786886
1774101536
1776189297
5325587802
1153594917
7652741100
1515756441
1881333391
6258091973
880202883
6717604982
7171809144
1511795440
1808617091
6009318014
6611420223
7371047272
6981186357
415583434
1234366087
6880782545
1345301049
1649186359
1839549991
5603002749
1612939618
834673940
7059141593
7212370478
7242398782
6573396847
6516138968
5344555266
7228630587
7499697397
1738292359
6623213037
1379028294
6086711605
6289777738
2045801043
1404758346
2105893611
862407198
7228439977
6911906196
5064996560
572601079
6609074496
1689495568
2093528124
5598346676
8109542219
310892809
1235254629
7342547444
1983141710
7433901333
1213502942
1104292165
5415712196
1460738064
5018763848
7062576955
6915840136
1101456961
7035250922
109544995
5067485578
5139375984
6239848613
7139679966
5397558214
1036840921
5540766953
1524583199
5899964833
1453123969
7256353013
979592383
5195242145
1631592471
6813342802
5754064451
7278666522
5018739854
5585079032
6367820155
1686344512
658235028
876821697
2120945687
6907646660
6629499144
6815119935
6311933870
6813443570
1344504205
1820998692
5224366590
7595348471
6333141346
7282778620
1436759245
1101198920
1733044137
5956802037
1673515653
7400305306
8058787230
1119305395
7251209913
1611287952
2066804449
487300578
548531351
6001394975
5865473724
466469060
822615452
7512235871
1669296069
5028598391
5860837073
7679095582
7084791233
1264573849
7499802380
885154952
1633669487
1916280087
5386309339
6574709784
7432288912
901088505
1981877371
573983304
7101181835
8173027778
1216945100
7374688644
7590283622
7458317093
2032371979
6511037984
1490185366
1326578380
6677103456
1726197016
5726280041
1466391884
7105281085
5401447007
1403384426
5616337927
587444907
5759217925
1300895911
6820496849
5493312474
6648759985
6265348524
6136286983
6280108809
6369114545
6668106476
7048679102
7052088150
6749301951
505449061
1335177640
1663537171
6545430285
1315989387
1505442654
6057956547
1751051138
6682406491
7223906899
5173038652
6047344540
6489599893
6886018293
1863469473
1755550829
6259887169
2024388080
5355273081
