6261539470
7270358008
7178528738
5912896993
1714850399
7391395708
973206163
6485280576
1448961212
2124480465
6031598857
605524020
5818294556
818495841
6668966934
1672597072
7373388349
7157804511
1999622007
7433167242
7129686763
902500809
5099378076
6548291885
979990917
7161794948
6947426021
1871411959
2128685111
6041915501
5999584632
6268565665
7680210080
5809754894
1408407349
6892193443
5210824917
6242908259
7447757891
1707451628
7366848513
1983515466
6588199433
7514742102
5079418063
7218869428
857358922
1083681151
7359984060
6034438025
7462223814
1804023575
6428565683
1745815970
7198847781
7606731664
821287593
979059143
6100917808
257597763
5581243063
8041538191
7603233368
1877540855
1638938765
6391743927
6825123390
1569353221
5358769007
6827163615
1316553738
1993572631
2114880766
1662436736
5529931207
1969650010
681127891
6771930700
1934343535
7106505153
7446300951
677209549
5654589991
1555325962
1697916289
1285429133
621968428
5846386937
7291159532
6706187677
1138761080
7004954474
7198374464
7095888762
1887414563
1015631330
5733634431
6023468873
6985998268
443228844
6603950717
5098379238
5017394802
1747515465
634654387
6875587154
7897082230
7049562762
6489757159
7360987003
630516945
6205669066
1845297401
7461629448
6049526800
1831449530
5996273339
5716214715
7455364664
5311884064
6108296669
1158711313
1788330219
5509777317
6134431564
2035793061
2040421555
6543163462
1755968754
1030679209
7395573037
1013583584
7446873859
7423647047
7710716133
7250211774
7303907566
6803158471
8082945785
7664712514
1552745585
6947645940
1814031039
6074146814
1676665502
6106461792
1139760551
5999088358
6803889829
646184394
892991942
6957798206
709312446
6697834440
6443459290
7430848581
6555183239
7235493352
5490102495
1529067877
6878700275
7272772371
5283114197
7940025433
538735870
7287457870
2122579179
5106682116
7444445293
7043529301
1853855537
5272189736
5747007270
7697945178
5575046088
7137315064
6337831433
7298465175
6650412189
7239236799
5788209351
5892646327
6796962074
7439132437
1263583777
5714756740
7328342695
499542611
5951069177
5317338441
1448875640
1319612442
6843083204
5066793028
1911269854
743578677
6342322673
6467704945
2139793554
1493707255
6202888233
5259953472
1899723316
7053804917
890881760
7152720141
6878497050
409039205
1088118951
6895321758
5747005806
6788486351
5634220292
6100249795
1133375072
1493388738
7014377431
6791561107
5515393497
7026660711
7097948095
7138188380
5302155319
7232996080
6903989402
5191811180
7026519430
1869353746
7825190563
7503971728
1896828174
841865861
5303102540
5158257893
7139492199
5446003483
5965718397
6819266641
1506398002
7128255019
7276293596
8181288117
7243228413
8187707600
1363756195
5639097740
7015380579
1421447749
1925061574
6388358443
7423947478
962753495
7028720366
6783306254
5507167391
5334499099
33642915
6569815895
1631983336
1014413383
6939715432
770936181
5501226143
1653369147
7301030368
1761071009
7200490888
5689309263
393741902
1425772461
7321374972
5023636076
6838733966
1842329171
7180490211
5695029095
1990949130
6832646420
5964216280
5461866110
1266877552
7001872839
5463204214
6786158934
7317203402
1207482681
5476940276
5516336051
6065092817
7167494520
6676337547
968689765
800720955
1179953506
1931071016
5971063838
6167996944
916797974
5141975062
7239739724
6933054914
5396103674
7408671531
5962466983
6180577252
1215876393
5238439407
5835548546
6325698196
1751953769
7107346298
5933245182
7300008143
5907042813
1515252501
6286065178
6746857584
7308589701
7165133513
6307995215
7030121620
7060202609
8049285434
7592218271
8039950456
7214776276
7460389281
6134356862
7566044563
638292131
1480722590
2023570361
7881213786
1196602207
1089459767
7010599317
7596162429
7571774576
6376734384
931834864
6179796687
1114840509
1702495227
7377021186
1498169996
461851443
1825841742
5485038381
1581766190
590393767
7478326261
6194740637
6347634786
5730992903
1664860391
1563390538
1609502883
5658337326
1383031477
6166027819
1954542367
5561794835
5244734702
7148933142
7022733149
6935361745
7017943690
235525283
7115629915
2087097166
7637403360
794977500
6818853065
6606700097
662340460
1295642390
1890211935
7467035642
6322041129
5817204194
7520708583
6562258754
7966499108
1182477796
6719803664
943348915
7036177378
6413996465
1598649128
7770179418
6409030711
6535259726
2096546169
6829977037
1712426610
6985789262
7240791811
1911739306
6364647298
201804194
6894998475
7010708769
7228886753
6939915591
1247304492
7044052264
7164874200
474968964
616608394
1123353729
1200294959
7090786566
7395027784
8005453890
7246734208
7245789031
7619058890
6547675515
6002191171
1534605417
7943421838
8088720005
1335624691
7007814053
524278801
7128895944
7447783966
848378719
7039777710
812555753
7260620832
6245326465
6858869245
5917629465
2110630663
992621183
7537582932
7746830046
7085214147
7185268641
415462350
7117991018
756684447
7261802828
5500114689
1250212737
7077287570
7070448015
5599382799
7170414806
6953308059
6835228680
6160653178
6283150116
7005206130
7105721844
985563960
6071549809
6282210067
7492241894
6653156686
1364477747
5765341694
1965945571
6880802144
575603108
7494485724
7133965196
5350599280
7027513472
31607692
1404709974
6863156251
5034735367
6413305225
7100915568
2140401162
7372522057
7265479063
1325619378
1952110224
5025445531
7032246170
7408973019
5097866171
6745949727
771631910
1392134813
6221199566
630516371
1815089004
1738604880
6910946373
7366473669
6746589440
5961499305
7255321141
7732952930
1333718851
6679604338
946712397
6785252190
690520810
6678700617
6821547945
8166816846
1218661120
6619075856
1511572881
6480245108
6777890452
479837436
5824509868
6501754576
1072865514
1631110548
1491027235
6898998220
7144026365
6737126330
6497959668
5844860534
7104087581
1443256531
6324411270
6262241752
6658073293
1324413756
6618219603
1257648420
7584360515
968063920
5445138318
446564547
6630962894
1610019041
6088934128
612324391
6947982391
7859480468
1855636356
1723897301
805541785
7321354162
1579696469
5787678299
5195076379
5833413088
6034232050
6157996607
202750979
1258453917
1556902895
1959271542
5108946868
1935719284
5925119482
1650824533
2139240967
6245432392
1734501417
5380334528
7548677545
2031722038
6908633316
5916441067
827935169
5091721155
1554609825
2046147509
1843448303
2075031831
1643941183
7310374593
5363012038
1784433228
934446057
5533835538
5692456026
6191401492
45604959
6320621567
1322370288
6112700262
856924630
5974136842
6420169528
7580184241
6413107689
7541233534
7260087674
7483320312
2049786505
6949311866
7164108795
6496516526
5697166457
7404400807
2027121627
7456919320
6722817996
6590713114
6452689210
5040161300
6944403964
6727567971
777276790
6327692434
5175670145
2030212519
2054323112
5065832176
873053232
5678353111
5467635507
856658421
6988407299
7509610457
5161445804
1536542403
6657699508
6533558187
6591431082
2142259058
6386358271
7477768386
1927902332
6620159091
1185501611
7266086680
6972165418
6587232397
6654708043
379915141
1773392820
1877148282
6974123876
991693526
7342520442
1022298177
1914211093
367095460
5040671802
7219346057
854574449
6305415442
6799792120
1589224888
6579005888
2128432523
6366316330
8171854935
5851823279
6213964455
7851470764
765171933
851126373
2134814518
6198612397
6483478104
1336226362
8025803647
6009254118
7311485684
2049434452
6507693268
5892957518
1090833609
1178563975
1297115183
2124781917
7933236142
717136748
982483725
1522847142
5084300350
7861528549
6532248184
7406988803
981772949
849095059
5687644340
5934836973
7531767813
5001422243
6485234282
660930590
6478164966
5579940930
1921440571
5336205399
6406681300
7102049335
7428109736
7485088080
6026644469
1166285354
5311218143
5271384836
5938143346
611044696
5755038207
7452471722
5845504221
6858725863
6237169961
1809237293
2079194165
7394785461
1406743365
2011265662
6401362039
6548277733
728555257
651724230
7052582028
5781147001
5563863876
1127029751
983167423
1697170949
5152541137
7159922238
727682553
461894058
5049981877
1074632731
6496818027
1963048666
829701913
209089223
5432239670
815048227
6331148719
1274150856
1996386347
1615432108
363630376
7204874902
1626368816
6889289606
6969404736
457372263
7362347745
7206155760
6191959702
7281342551
1512708176
1993518687
1422115109
7736029348
1283654705
1453135724
6224542588
7167935049
5938892600
2130611849
7775815886
5413108374
1736407630
1840019505
7101893489
1107642723
5571991253
5484046021
6161377698
1253046955
1438820803
7838320391
1682946284
2075217096
911434562
1648906760
7096704101
7452500074
6900243284
1321442210
5376892981
7204759662
5743403168
1633854249
5443826505
5097173307
6362194463
618994008
7407280347
1823000140
7372587530
7128603703
5553746054
6539518131
1207738131
6518469752
1603509340
6385565691
660318764
6423728076
1740907381
1146487911
6876805055
1500098694
8085535499
7375116867
5250420194
5079757241
7478347354
5596782601
7491242243
7965941449
6642409013
6606828824
1882624197
1280214972
5704557826
1559693580
6629688958
7506738766
717643996
7138014729
7506463025
2140027694
7271476323
644914773
1677184293
1815157191
7083436092
6839547083
2011027385
988793006
6348148482
5076116616
6870528876
847716790
1130026902
6042903666
7310651040
1420566952
5785167892
2080948633
5949918451
5806126859
6418514311
6258210636
5137132533
7101754186
7547068482
1892426897
6298654273
1528749065
7062517218
1459868259
7454678415
8064879820
1903715090
7193765021
7645190283
7475775491
5817109238
5915596198
1856253056
7223251984
1243468359
6296022371
6321305753
6224614279
7069479356
7455113994
7254458915
6318639011
6291770302
7178471464
6166644279
2136243711
6129448280
457949590
6361469028
694483757
6704636337
1140519893
7155182809
5722224144
7342031892
1259876718
5915320837
5331899912
6797806925
6596900144
7507554538
536819833
561386107
7494830356
954546022
1928930256
829068069
1779282537
7774019027
1286884469
7167334493
1366269632
7119727236
7860888133
5419622457
144429008
955674870
1101799229
7230173918
1591863842
1805467794
6104877082
2002968759
7235718153
7131176444
7416943599
7781412584
5484374390
7241928251
1997191833
7358424770
6578211649
7341159468
6783407104
5416539864
6960311578
2125045231
6537498683
7466176601
6463353374
814464452
5641270046
7164583548
7204977347
2116876087
8147684727
6152453268
6857547815
5489988313
7651802236
6702858453
7491511850
500358358
1428480924
6408499697
8183590405
1020321707
6264195645
5606929423
7275642495
1117908295
8043930456
6539841519
1196229267
7401658299
715465404
1570380034
1425652825
6901567121
1443373230
1131231177
1649564786
6597974998
7420800031
1436233600
6926040828
6637693741
6057089046
7906877859
6243279081
6447704862
7102405744
6294645232
7825936979
1429451722
5433048946
1769654184
541020342
1916866897
1650334554
5179362079
5970410283
7066832216
5972811865
1568871822
1838278265
6601044380
5013115023
1770699036
6996494872
7099520623
1021409139
6323793511
980955594
7599070517
1332908694
7485945133
6880227833
1393104071
6675038891
5473102652
745981038
5020863533
