1956049152
6957594443
1154313126
2068753720
5573694556
5598563036
1967074444
7520291343
1027694893
5690951060
6591663327
1723460168
5718839141
7823620412
1177172048
6147771609
6795189128
1887558776
1947086712
5947896868
7480891972
1099726124
937347267
1485180735
1848776853
8039618004
5007899327
6668036898
5859384054
1320198080
5927918630
6293317916
6748557166
7440452003
6284511548
1128720975
1487945978
810622193
907020039
1109997413
5793151471
7168385358
7144848200
558085980
569761236
6659858340
6691689380
1300516892
6966639850
952330709
5385029248
5567170290
5617775914
1009851994
2072463278
7464741724
1619782867
6856487225
7729537082
1774447184
5429633723
7238437974
1049292668
1567791728
5530955338
6893997681
1462862988
1736259027
1207729418
5271173171
680209449
5361396294
521898048
1001187031
879382096
879879703
1880405461
801269356
1863374203
5317253818
5768121264
1248209897
1966080951
6142715870
1972846635
6264380063
7328491928
6705017392
1949895501
2075618426
1854572120
842826593
7278070596
1101009443
5606776561
1330247130
1597510503
1773200117
6842677799
7534600553
6979979937
401033986
7706784580
683320473
1765514333
6906170435
7297320305
930906961
6759733921
5698080542
7409612089
977960238
1766385376
925036532
5803769774
7110604617
7535945637
6355566252
985387185
1957588809
5301522446
6776235145
7445371453
5336061501
8163098670
909050366
1058673228
1795937160
5820373520
7238804081
765448486
5493056378
5784669072
7195275619
5701023755
7098755417
7098757396
7042350768
1307009124
1989630964
5791711712
1512599474
6361689752
7581340327
1239362517
1921602631
6001416177
477184135
1930019910
5998831776
262589577
2084625018
5071754812
6547129832
6762853526
5229149997
1932479672
701349071
6019344031
6141872757
8076940210
1726031989
1740245077
1870967094
1679869435
5415986309
1914459041
1303858799
5893916908
1959565166
6664089183
5872044652
7126223582
6542540075
5476704747
6251084540
6836555502
5859234667
1087046800
1639991287
6995776644
7527097589
6644248758
1702439440
6031005714
909347197
6796627714
6585118201
6316027817
6609753137
6932391057
7416398220
7382002458
6952834346
1919492702
6486983765
834275909
1626615002
1029587941
7066750229
1714091781
7006108767
7895052408
6515669081
7207110066
7221284090
501752159
6630773332
5082782222
5292636850
1717918258
1880296879
1750556910
5265335837
677458135
7259873275
1907342884
631776432
1223637176
6070185672
6783325966
7525686505
6241355474
7036027076
7140437315
7442180262
2032283562
593205160
6283775320
6382358418
7096543479
5383563583
6728474388
875791203
5839670965
1205993051
7306983339
2113050258
697165664
7235425229
5665510530
1914798668
7683190055
1016003135
925360979
6984151544
7312236773
1166468998
5219412306
5311089810
6212544471
7163519523
7167292064
7177781011
1994738458
1775322552
6614234720
6228381056
5881833921
6161021832
6178943013
5664224478
1880873439
7197087540
5856811302
6181737054
6342880196
1922686642
5000159002
1879652614
5693206599
6010000588
1878288016
6384993094
6426801878
7389285146
6152803154
1937469598
6804778534
5884337156
6815326810
678376007
6967506320
7039596889
6042651914
1452175114
7793195947
7109009507
2036531069
6401740898
518049777
1144689196
5255860476
6550903587
7291552362
7498792880
6136088191
228792333
6304155210
6421734317
7405727895
1674509933
5112387825
5921587236
7590092758
1400105447
1575739272
2128815109
1799838536
586358054
6202035617
5154409654
7114751365
7502335753
1518227336
1941884281
5902706054
7040194179
6950200770
6632693873
7377704575
1932285099
5344691943
5665953045
7074284407
1734384451
7519090895
2025022034
5682582770
7209565897
7490091149
1639597524
1772728135
7007954876
1139007575
5694962814
5561933633
6286349496
6409756039
999394450
2111346444
6412937580
7244317829
5400923417
7489493928
984873190
1134119668
1241667008
6795304327
6286482496
1951545834
6568791492
5753021608
5915973836
6874158649
7103489012
6428738276
1122307791
1611289103
7251266579
775981570
6906156459
7455380269
1673794650
5732530388
7015121176
7429708491
5065428029
7781419113
7915101961
1871822167
7346644752
7357873664
246374892
926504490
7282418603
5042389521
5559736753
6278374482
7257224558
7212537217
1256632371
5720166804
6798536548
6512266141
6275691271
