1267228632
7297922459
5386775807
1064840763
6744032589
6897496133
6325862855
6557485230
6569824258
7454905096
6320944414
6031934055
6875551496
1939902375
6965342979
5751290071
1578758580
5118795448
7136249401
676518339
7870243754
7428398968
1506831421
5713144627
7148628160
1263489749
5214930531
5695746603
2105287155
6899400906
1209052057
1851175915
1185883770
7002836142
5367062448
6972496418
1195545280
7134340222
6651008229
1984282798
1966696542
1107478913
2131521576
5398800820
1257699692
7697788529
7032356823
5367147471
2080487817
514253559
898808374
6617626256
2142801827
6092389460
6227100851
670263939
7232623697
6936089365
1396053789
1172171008
5907899447
6755577448
1685875102
1371300175
1092078916
6897816562
7140281447
7246649440
1469574166
396687833
6402075087
6750260798
1215736710
5734936740
766382927
7408872813
7672169288
6165784076
7358717586
473618031
7688446643
1782511735
432778292
6747941313
1819300813
5681409975
5320827582
6863683189
737515702
1881671890
6252093162
1776980716
5855163706
6768755240
692329336
5182267077
7720368099
6820779502
5650012124
7206706911
1377364302
6359845856
6886884819
7246262894
1924449039
7203614128
6434468480
6462204894
6845249234
6188604139
1620566905
808044727
2027401264
7885915093
5715609362
6953890870
6890930150
1747552948
7732779558
6351962511
784520742
6109378518
7811472648
885763208
5331271602
6242902662
6815895324
1512031898
6703104607
6821532845
7909589934
6447077990
1119843638
7164917760
1465593925
7149907744
1888837244
1460685281
6445089245
6919666040
5914155918
7191894304
7298297473
1220103893
1404878164
6637915421
7306196710
1942112221
1148886084
1901557543
7243744528
1605393040
1816913469
1876313100
6182161516
1154875279
6514578446
7170243948
5648840265
5393372347
6537438932
5633808140
6220327741
6890108738
5063072424
1205258318
998213041
1682410590
6646727532
1622779113
5193619302
6482060847
1718201585
1250317509
7077038485
7131772822
5237310003
1859034191
6057139663
6723927574
6881315850
7276808108
1830915979
5342125248
1406301563
1938076120
7615823810
2078087731
1570816829
1443772407
6608012798
7998737233
1980963744
701210971
7186725494
6814084259
5750804274
7509453542
5265741366
963836161
7121385699
536347527
7314159273
860704426
2060018746
6205906538
5319426503
1932120113
1825115003
1500124552
5549058256
5555811678
1995527786
2076198489
8180726265
6425973677
6598722190
6508223283
6029321429
7543057600
7484039969
7761931437
5364892947
1606756102
415310144
1844798496
500799731
1797076049
1213142735
1851999379
6670456196
7956688423
935405824
8111042588
6228238992
1329912650
5050404153
6312252146
1318497501
6526394980
7136502869
7125711954
6332332429
626844463
1055809557
5611493186
7177701186
6033618757
8115687880
6792548722
5186503916
6449604839
1633486791
5300984608
1557112354
6082896704
6482453027
1150462922
5813144976
1283029563
846776545
7556712658
871831344
7249427661
5651757606
6187817184
7655067086
5619657995
2023592892
5812454455
7429180666
6647998678
6471636686
967905286
5604148939
815794883
2013524991
5604399447
5202033421
6373370333
5051291508
1625939880
6671416342
1637894481
6461247782
1879777063
5864487568
5686080572
6806651151
5234233120
1632971944
7106050960
6046034386
980395543
1042720843
5809072414
7166033847
1395873652
6157351632
595813900
816454757
1849500879
7723834985
6645171073
2139499924
7061905985
5997716609
6748695621
7543767206
5202612704
6218837719
5761936840
5907948619
7374083775
1930221338
6078773658
2016808325
1892092848
6003366013
6375614388
6932060820
5061993016
6181649211
1576388158
1707059815
6628462342
7472692069
7315878095
1285379291
7146283519
5252538032
1409946591
1938970882
6514925040
1339170094
1941817073
6778901721
7827775983
1653755100
6743728623
6797799306
7100390951
8146928350
7075800561
1476097038
6445921235
6350602916
6573068947
5232872262
1436127240
7364326177
5026742710
6836050625
7661971502
1979797413
6988893118
2112377054
1126286284
983040793
350974052
143016223
5059204509
563872807
361374210
1525075975
7427461211
510979831
7559941430
6459301966
6594433890
371788876
1894644810
6412455076
5889691121
1842198515
7475484335
7249989799
7243162711
7922145541
5511529665
6659160658
965944359
7282016271
6894856685
6981961051
7177658920
6817121729
6648865554
5672197365
5467061750
6803261858
6844371972
1075065049
5926424716
7907505402
7957740100
7413117282
5028809431
6375356381
6058425743
1035102180
6937994098
7000862343
1478255563
2102652844
6286588175
7270873244
134923807
5994825451
6987236211
1587654582
6507792282
6199855791
5641219016
5054724381
1286085868
7214315631
678126298
6804947727
5881504758
1911128087
1916596172
1159810300
7271308793
1905777248
874936758
8152091115
1168797372
1961066584
1952867024
6368870878
1278241390
6301146036
5435707603
822253420
6680886372
1853182635
6975212817
2050758621
6869550212
6346359031
6409449590
5605564082
5266813296
7818397640
6408949891
6940552698
7087341512
6135253488
6647772099
7247081895
6721832776
6901510311
6358152159
7117504923
1199938785
6408142742
6912608650
1281657933
6347385804
6968867634
1868458532
1401524618
5842162719
7159140152
6750662826
6445009511
7475460049
5570076002
7056632295
7210080855
7885749604
6560136005
5570779726
6637753245
7737003250
2034451405
6146390094
1468057563
5820898267
860997152
6602222258
1844971529
7348237495
1180518976
7643014771
6888965489
7175247876
6306023891
1016806116
6867413066
6216003458
7061813935
5776810852
7767165525
7108874766
6200878294
7641395591
6881488073
5949460641
1339956758
6933507630
5855133910
7042665789
6690704928
6500612784
6193847426
6401855349
625578622
1867719719
6616632135
6041401802
1663245811
1033375538
7343610632
1242061617
5023820113
5959252310
6261309070
1596232445
6320712887
571610915
1625586993
1598446809
7852605211
972629504
1511303706
1987894487
791940225
6696775881
5800363317
2059975075
6903300695
1843990638
1793249740
5525068685
6758003440
6658337328
1219066762
5206814781
6493211155
6576750256
7238033485
6226196266
6976327641
7386361016
7165738294
5062222692
2042399678
7449420275
5972371792
5049433212
6927446977
6499651040
1380772162
7312412674
5549399648
1691566624
7157342213
7098387950
1081866729
5580985296
8051147328
7706120340
1183272651
6050611321
5977477070
574779661
7100931596
1398191697
1777120741
7138694636
6228195198
5060910317
7888191218
5817364585
953483985
6904855038
8176895085
7835127446
2078899010
7682869028
5677237336
8027834201
7629566205
5263303047
1003106447
1244155053
7776645604
7979245648
6328858915
7850061414
7257218473
7511916360
5721932216
7375630871
1292569068
1046007808
1854401895
7087068771
7065720659
6247487029
6370742987
6727717773
6669721373
7042004083
7184968831
7094175344
7721474315
1900345529
6968241452
6297223242
6371230945
5681700835
7108095827
6651593100
1188467347
1925002675
7124496680
6303603050
6553188215
7030944988
1593664500
5160354226
5547662549
6411280745
5145705633
6748539998
5866065962
6631949207
6636104777
7961336114
5149916221
7253549598
7335512329
6832854592
1163635597
6807258732
7496910751
1208214424
1766007113
5494803681
1807549188
1383776715
5246814872
1638854698
1800125648
7153908581
5176805861
6744899838
5612035239
6286839751
1879761880
7566140429
7886044148
7036309217
7215542037
6577957522
804277186
2137746652
1161370012
7701185785
7763695005
1933729766
5562337872
6741262757
1400657591
6766419243
7201364647
5389210951
2036273264
5090311490
1233790833
1583925917
5481910807
1673344358
1482582184
7180654954
5591374217
6868254272
6273089250
239481274
7578628100
1883076969
1457715731
6485997556
7087843968
5967870621
1024980640
1586893723
6431014465
749752850
1040444542
6795059201
6475637784
7729070228
8082989472
1433075239
1796149022
609517172
1087968824
210944655
5330354633
7269188704
7316141521
6407550402
1023357032
6637807643
6106877379
1726800605
5209714387
7486688117
6745185619
5808094344
7904136746
835406956
5333751944
7024783999
1051119384
6201121621
1675027257
5850489538
1991455515
325963340
1226653804
5498798222
1947526825
7411039793
501951397
1714116961
5917143261
1412240995
642411947
1337295357
2009562292
6713799594
6057214564
7497102243
1857625232
6297761639
6809795178
6616664835
7095967782
7281192590
5531322380
2107800508
5500701476
7764241465
6560647302
7324528197
7092046349
1995584016
1619437199
2063570010
6734087413
5388805260
6319762020
1420031144
7614091292
1151406693
7714297854
6812580059
5296476391
7849533005
1859315282
607310445
6392847894
7931481871
812347801
7076069935
934715863
1703304051
1375235586
5031992695
1451888721
7472650011
1197917215
5544724480
651413114
5990032689
6520549586
1289113641
7740750036
6487789293
1545159308
7191275384
6802505915
6512675564
5214265504
6254891919
5211648330
5249231194
7070860556
5742234866
5799213984
6152527248
6566229326
6188670326
6524427780
6990299090
6815518307
1718538981
6565916526
7275038105
1466699549
5425503986
1788353071
6495153929
7199105182
6036613711
5845462663
5577830058
757577233
290995036
5288711309
1954124501
5840464042
5160415224
6331509854
6189657145
2008799754
6935191583
1406047213
1425714387
6368940112
7438282803
1577992785
8058467770
7044180669
6202958066
1491134565
7266559934
6877145878
1675710565
6991517628
1455478340
1824733505
7417499691
5255315563
5941931438
796570190
1223857574
2016897754
6492953548
6757662889
6476870417
6391541016
7158480811
7277550880
1566332996
7485505722
1989416200
6627261281
6060951617
1889802413
6440016336
5375668405
2133093703
6702484820
6733241708
7024243268
5543451996
6907872456
6929620334
6989191577
6200956267
7431043736
7305332125
5376960952
5558235497
5102391491
8166506576
1830988925
1236631357
7275686557
1042550508
503368201
7618129610
6722459834
6990371143
946275828
6340834699
6958033813
867382362
6222079716
1661945792
5108190743
1254809916
1047531162
7725677930
7200874313
5299958139
6870340701
5616362266
7818587374
6292369487
7395858777
1981954406
5429600884
6448690454
5722091110
5803737693
911463812
1818658645
5706764921
2085490804
7194052464
7042238587
1153185937
6991957653
5464089428
612474624
1938338095
169156438
80369966
6018102283
1966759176
5674936596
6814943855
6420834709
6026484205
1750881224
6079945676
6994417115
274801121
7688660323
6640135460
6960321630
7021354923
1541179945
6157498037
5377999259
7896236342
232701076
5616232325
7304273096
8067171416
5126166743
7306850470
6875726248
7969460699
5940885392
6283105668
7273402220
5502381103
6635183956
6200243157
6367558428
5549686121
1934320119
1697745270
5435301232
681435626
7518518534
1281706263
6281652659
7105363506
6954659955
6982863402
1259371392
7521774640
5777585923
6819106233
999449354
6705909167
6469065630
7494762623
6159748816
6177015129
5751897230
6736320815
6264025004
7137905183
795304225
7425371590
6417790228
7449153797
8172231696
1797114864
8038336594
6118543120
7229148501
1238650517
1622397747
1897862769
1508608212
7405433791
6472660338
1794358967
1971478394
6581596623
843613389
1459342710
5850128637
1901693336
5765560995
7238360343
6380653400
626687671
6599296344
