835501599
6388916497
6535709993
6687175385
7070955283
1263263162
1612663966
6656874775
6706836852
5222855628
5323913838
1302293678
2046789258
6946623890
5501763483
1179696866
5211014393
7378396154
5202011189
7016425283
6130798504
6021012151
2117836607
707160121
1956361773
7203938583
937604949
1435557519
6427060263
1044377058
1203911669
6035690914
1495700537
6140350382
5073058668
5432615035
1669243561
1402798993
5645770364
5085928209
6858777099
6747917781
1678461417
1640956958
5600280273
7608729559
1845226267
1083972284
5811874067
7447316446
5115695166
7043786871
5927009866
6809607762
716231401
5304878317
6273567985
5793525755
1174961078
6953874651
8052294836
6750596066
6504116074
2121689910
7197734579
6721388988
7196231549
8011443380
828460290
1548340441
8107425125
5184070234
5627120052
5865963215
6163429283
6723247527
7024807570
1821815444
6913887466
7242152755
5746712378
1739629883
6537948538
8161625728
1161300734
943726075
2057232383
5570409375
5559485965
1519668331
6314626680
6731242626
754517246
1419483827
5359091230
5697322980
5750284327
6849674281
5247713671
7163293056
1906395822
5461536934
6265391920
6424826976
7251408468
1167115464
2136921171
1369146134
5464007001
6492343139
6759633612
1749158325
2087415324
5107244703
6379352917
6554514664
5242662196
7670269413
6963922544
966252836
1022124529
7256416105
1947840325
6204339369
6525358244
7072572963
7401179301
6400232214
1166318301
6503009455
2138442061
5068369444
6067892078
6248960946
6161493757
6303027622
1743752108
5055041248
6822798047
7124223789
5959051793
7222702289
1878297405
6163589232
6587375273
7033319547
2021138951
5718632275
1798063910
6914672776
6914813038
1666574615
6893171420
7266736724
1767011853
6763034782
6059029545
6508775147
6795284088
451136824
5671230585
5269931439
1753747421
7762824442
5527462971
6339755417
7147556969
6610700256
2091962672
1270717910
7176978106
1945984485
679635429
5928134933
5446206157
962180166
5390129341
6781485219
439568507
5887111972
6389225703
549892681
6178540291
6025378446
7209700871
5083976469
5337777829
856704091
5055686095
6117481202
6692012810
6733652576
1081749186
6780803327
712179490
1691041758
6643250861
6985356498
958587673
5939981838
1278004172
6149795776
1714221689
7128406298
5913967933
6487006118
1628823561
5506775172
1442159864
5242402983
6040857045
5038775664
5372417487
5071800602
7771500216
1130154448
6909242710
5880768477
6317109927
5809023623
6532050697
674531223
6383049903
2024338546
6695633492
6788423668
7267229151
7762520525
1169371210
6713861995
6898303485
1914220005
6845062483
7185697446
884603243
5096364739
5442600323
7127389284
5009097915
5216013416
1215430626
929374883
1320020144
7532585811
1007928051
992680159
7693062334
5156019854
5348164091
5881052013
5699662543
1635136732
6544005848
5575904216
620438748
5589880664
477476491
6806973885
1681152953
6745404638
6668937582
6885435641
6777639894
1125295357
1569365974
6175159913
1645603265
7007549165
7876920203
6337633293
1918850354
7029649817
365666885
1921212203
2030235590
5264277301
6565340365
1420640715
7669645724
5476633120
725467910
1608002467
6968816704
7014724567
958393709
1197269102
6648238793
6671081323
7531871915
5917049752
6400811524
1890687373
1365435465
1215216781
6101185687
5209900539
7529038282
5193899613
351711676
2131827423
7242845335
6193631148
6943159012
6533194095
7037857524
773176308
1948978173
7331047665
7050896755
1738894184
6070730284
7313182189
982572914
1503547899
5752305447
6536745427
1907859614
6044183171
6293245522
6714135816
7794863709
7098827153
904529794
6610753611
6666977315
6709693859
6738686139
6905046863
6962418910
7030452307
7059920156
7079279031
7102191705
7139772581
7259999654
7320542774
7355770861
7360921683
7392384310
7426744584
7518207124
7527610128
6140941835
6528018752
6552834312
6865400989
7138735192
7171658822
7179887146
7220780776
7235050991
7266368947
7267109836
7285715093
7289665997
7299080689
7299107416
7337252534
7349113836
7371256715
7401736299
7412979170
7426064297
7431251848
7523475700
7534361127
7536404155
6419618578
6636076808
6637690984
6806106954
6844823212
7029240142
7059437164
7082135997
7165323714
7218596064
7220927888
7242607395
7286588997
7294642780
7310656822
7322894222
7391742407
7437680070
7440121870
7460713244
7501547411
7507899186
7522915470
7527833402
6482122289
6652414483
6714104782
6888465056
7132772495
7274717995
7292458618
7294087996
7373236954
7454025936
7487329313
7491780842
7501906511
7517865157
7520288896
7539983472
7543169154
6559338157
6739783190
6754893922
7064712482
7076608663
7100552143
7177256005
7245905228
7247685909
7261866748
7263219542
7310354458
7311259217
7315187903
7335619282
7411511931
7424975731
7430192833
7450022130
7511037619
7516972579
7532231905
7534638654
7537287978
7537936346
6320148785
6419548928
6734263847
6813036708
6963243747
7039309853
7145660308
7151260081
7240282871
7244272549
7256395278
7300805947
7338765653
7357707224
7390371599
7414731294
7500570584
7503590864
7513150672
7515139424
7533418894
7537298846
7542727065
7027609254
7514171863
2053836967
7095932783
7379749437
7267625364
7237493337
7438318245
6585084063
6651390662
6764427905
7051341626
7158877284
7204036363
7286921628
7332948283
7346663906
7355261775
7497835771
7506668803
7536323345
7545526225
6495680374
6753535986
6776953360
6803669752
6843988028
7082129887
7161111204
7296410556
7307497164
7323283335
7351980707
7352439686
7353823186
7362974840
7371694364
7376109008
7380245830
7406469615
7411326380
7435737179
7479348155
7505023252
7513801360
7547009912
6708825160
6793855313
6880744084
6883242771
6897868345
7004907940
7166861847
7224394940
7238960060
7270584023
7296359096
7328195246
7338591767
7344635190
7344753242
7394895095
7438744657
7515422770
7518982432
7531374349
7538388022
7641697744
6475382016
7105683756
7122764594
7152200984
7165131572
7242681518
7278465397
7281383477
7330417923
7346174600
7346418176
7377026983
7424321833
7428554783
7469817857
7476940293
7518892036
7524599402
7526913466
6684791252
6822441602
7147235226
7218883711
7232867133
7238742799
7295196510
7312802057
7356841053
7362982757
7435952927
7455637977
7474908418
7481363682
7487803686
7490255648
7496214940
7501371845
7528960161
7531755227
7536818512
7538818032
6595499243
6694192063
6730887328
7129417719
7250760134
7295795483
7299216458
7354665679
7361177405
7371609234
7378314547
7379016350
7449180271
7460159799
7483461665
7500960970
7510515089
7519829943
6905086638
6931591257
7046464421
7257548344
7272288512
7280466666
7284868489
7291859200
7294419139
7370368154
7373485223
7377533225
7383431447
7390940674
7406894868
7464181714
7475514021
7491185117
7501202596
7522914390
7531703331
7533913042
7537058494
7546400837
6599405634
6727173397
7122322382
7163665328
7172836872
7190080510
7211880659
7236043741
7239048459
7244496049
7261966125
7273596674
7301028808
7302809921
7331332202
7349056010
7363388671
7364086219
7369580104
7411764277
7440471250
7448498069
7451814072
7458525506
7463193865
7466948846
7481824631
7037789504
7051363941
7084338429
7110667558
7136584848
7149043740
7258367601
7266621589
7277852154
7292822624
7311355371
7322674117
7333800400
7352063054
7414020114
7417536199
7419252948
7459175291
7484892570
6921618429
7296244443
6857033955
1367741993
1869906120
7145029252
5900184563
7352975798
7540662093
5117801270
5508919984
1928279125
6769853081
1325837608
5255328186
1201231379
1539550785
6092035818
6947104593
6565332139
5789671407
1567679038
5200742182
6294939737
6155660458
1816049651
5876785193
1078242169
6042882106
5160102506
834440015
745090794
796631686
7570273129
6760198788
1901996190
7027556871
7053924145
885527830
6884859481
1979299276
5765561042
7061636274
1978534906
6672354338
1738236117
1929321005
7250593286
1196857106
7397187675
7066004785
6472256538
7492917913
1222328123
1802170190
5105053679
1950220001
1676590546
6989887488
7389925397
6672430226
6880453673
1041312448
6305106777
7390982999
1984454874
5731183276
6822887897
991069591
6395739894
5108173942
5790927831
6503126574
6783066629
5307854754
6751138013
7189710960
5783117806
6219335686
5860758011
7336511185
1322021927
1323858193
6650019343
5247544355
7681227635
697293341
1751327407
5045997040
5593740984
5188756262
6091212055
5066788228
6780820810
8024944787
6515525875
1918834190
1691722487
1928514255
6616264903
1837633746
5845559965
1131334531
5620524964
1097631687
6502722394
6829083269
2002145795
6920970190
1067410292
7483967166
5324395438
1038040443
6499779268
6891145682
6656451224
1160847154
6764255657
7277307971
7100038123
2014649886
6042432180
7495804844
6779777906
5451645030
7618557582
939517700
6451429771
6506410748
7203237582
7383452044
6085175907
460172687
2062463282
5101260177
7314046931
822759646
2104207756
5453333129
6139991402
1587843114
1238770362
1015803088
882004919
6570157360
1889643752
5003689107
5464793467
1694707090
6068142819
7641526950
733616112
1232464194
5814577657
7365021918
817336774
1903437707
5890713494
1832275206
2003757668
1049592290
1984506920
5759244441
7387216509
1407576143
6574656640
5144424446
6287045313
6140966149
7433738557
5652031085
6930851275
1645180194
1215831494
1403660089
7479101655
1220626782
5844678339
6653350475
6698197617
5355558865
5927400511
711648536
7294442196
7496016390
2016130865
5659211345
7000028207
7152517191
6689238802
7230666830
1610665194
6264224564
1832813075
2049026015
728307654
1503177076
6204048934
1052578285
1211082246
7024850963
7231138430
48584153
1615336218
5286207074
822342234
1022773917
6888877929
1547117681
164317292
5767407122
6467946733
6557773489
6826612383
1374983430
7242806359
7996211836
6907951937
6664205579
7175388753
6422446409
1708718555
7193004388
935600262
6126416257
458405341
5332063329
7236291685
5070777064
5032073859
6808521009
7346198464
1156389743
5058336833
5563525637
1904174079
6299870501
874189032
1945751787
7278646455
1456228710
6813065922
1116875648
2050052483
6084267057
1678341278
6402652003
6236386976
6028345262
1895910861
1606210685
6442718219
6710265543
7370602704
6043150812
7133802631
2096400197
1122419338
1903859879
6525345171
1090381285
6979207607
2099239065
5583214476
7041887706
5589456912
1374123150
2117791420
7165212405
5107213082
5941714521
1702753688
5875851880
6332257704
1835427119
1129552842
1288077188
5076480862
5801773214
794363282
1918308189
5281200457
6501127082
1620150770
7467722285
7219102229
1006193703
2082573149
7267549771
7377702022
5872310868
618490733
2125854217
636304128
66396597
725507097
1719822189
6110472515
7309783834
6998225223
553330866
1346186561
5539829402
5739950011
5475057718
6446489749
6077939496
1932001095
1663388777
2141356435
7421774066
7171182586
1403939373
1681612873
1955119950
613610952
2137973512
1655882484
6902757411
7147012941
7214102256
1234250078
6317016368
5201619733
6075821401
90533256
5013262892
6762313651
7040804398
1835134651
6579104356
6889098864
7296689185
1381232718
1087118118
1907818306
5365859608
5798046454
6608440694
6879257371
7076338590
7086925995
7203957875
7216128417
7283447997
7331096617
7342058208
