6262188491
5011728248
5916432109
5144260737
1026662997
5281538181
6101474072
1324274493
7002083888
1149154529
6145208558
8055287567
6645978178
411055240
1052757423
5503667881
6060614571
6587288489
7402338074
5098422354
1480170096
5023386887
6545326096
977035524
6545683064
6720728120
6238715552
7437984671
6128093451
7076211141
7522084352
6004835127
7497958484
7219400566
6946370629
240792309
5698886009
6212389494
1702363383
6796259217
7197020610
1872598556
1198184267
6823952563
1603154094
6754183318
1523412352
5844560674
6675597507
1600654446
6493177260
6427144593
1831796509
6612998298
7636228261
5470797340
7438594687
6195889743
1032001004
353945400
6378407345
6349507195
5723241961
7209502283
6513863052
6646671156
1522997428
1070837603
6265520383
5742858608
7018621410
1856397145
7222618022
7306870807
7693689502
7412679119
5180268476
7254538834
6898059790
6056327942
7071817455
1301008637
6528096706
1001844121
1747257696
1789378595
5971582664
5073454936
1835277367
6813889771
5221023652
1994183157
6651665962
6520996851
6425179368
1229578542
6413091476
7018830673
6345886331
6406422855
6704818653
6741638419
7187816113
7263896630
7389969858
7464870092
7546138589
6079639206
1500426010
1090745658
5640860419
1931878157
6548635870
5641491038
891070449
6582501389
7064511676
7469959130
7672573150
7612080994
1275819009
7725978833
6300463833
7290704843
7470992041
7497007364
6475227540
7303134465
6937141526
1986030808
6641489280
891657363
6574969526
6652259444
1122791758
7322274852
7924513105
1925788060
308671698
1471998302
7532896764
2076978184
7500916927
7053986175
6661072524
5679556958
7201736635
6366991719
7469732291
7228334161
5633503612
1168599357
6819158525
7277977541
6754588609
7460795050
6963178940
6143051697
1071062443
5728905088
7122440186
8169308911
1430928278
1050408098
5546484747
6419994688
7878428313
6153055210
849133736
1042923023
7014139099
7181177471
6496193542
6510481913
6527748670
6695749523
6716247477
6724201925
6779785290
6823393706
6829617770
6831862333
7610822698
6422125933
5520629426
6275854558
5867261401
6097743360
7072336767
7167526831
7243526684
7313900094
7330947675
7343121318
7443578360
6409643762
6446229525
6510513197
6565354895
6594294420
6623757621
6770310988
6815523685
6913373920
6943567966
801355700
325662049
5149984475
6951549111
6044481791
6565171086
1263716408
6330281887
7025463200
6398513878
786726587
6449964798
5495651970
6605154491
7160721772
6462734142
7182027292
6258876926
1686194256
6567945219
6243814980
2102720198
5861485101
422527704
1222698002
6721318882
7176059639
5049933483
1611163363
7078133563
1623972538
510046550
6441525296
1601715179
2016642777
414333422
366051498
364262299
1154902545
6139847156
7440011262
6080670949
6932295764
2014186036
5125038793
6059588024
7274347738
1532738225
6091549438
6881294887
6772582313
7592270168
1723271926
7262613647
6484814588
1212545632
5363368894
7188382567
1254081262
439877610
5263287254
7176851752
925266217
1915880633
5986988540
7372282221
1369983628
7935083711
5361263318
6241120738
1813466064
450378473
2088428075
6352378014
1941172054
7289419783
831733563
844190475
6345117174
5891248849
6123017172
5610286249
6210048206
1739532685
812259427
7560783158
6315416699
6508568445
1293363194
1999077295
5243327132
7360061741
6927504539
1168535197
6607761715
6243368948
5914024899
7010447111
723699956
1916853271
5888635888
6541963745
2015469933
5781736538
6705103803
6289551361
1064678220
1640230374
1809740914
6419176622
7041771432
1392986437
7010430210
1944210168
6021224173
7346977517
6485623882
7228300608
7203898054
7205622456
7372672386
7125689730
7394380629
7576312454
1632872943
6846135017
5582647094
7474014225
1019226947
6037904423
5816726879
1027276717
5514113414
5601610784
7732789106
5119539653
5625133255
2135015061
5226012837
1799027620
1042081132
1398544961
6999129652
5376624342
919857494
7094511513
6863391580
5449541103
7206932288
1006883924
1475725822
5273864307
5880023424
5231221826
6633049527
6381343287
2122540909
2044513805
1228434665
6537406440
6660777683
6261172144
6607698210
7268785889
7791936582
5736780477
7514736873
6452419121
7110930994
7385169727
5883575979
876766805
1429603307
1115680015
5615292224
7138124394
7787745559
7199069158
7924768132
7159104186
5775687399
1295565269
5533758059
7631553488
1662935207
767711909
6275698095
811267178
1032041731
7044320045
7396514327
5039328144
5956662260
5170392172
6667195110
835307928
1631313982
5147101808
6966032556
792837348
6179197953
5776576594
834843840
1707006749
7236160822
55114236
6368932639
7329190368
1414321731
8032953908
6805377590
5667734735
6974536951
7822455896
5536890929
1386306431
8112731039
6823480518
6636726845
6828419116
631715659
6234190818
5411529593
7432708411
6682847892
1139869444
7319755264
6656579461
7338679969
5036248378
1131749752
6346072385
1891282305
1537241939
6127357835
5895916700
1717332594
6280578268
7524167725
6920868374
1738163731
7078147543
7227789532
7392752867
7464044342
7512442545
7563166960
7712042858
7744226070
7765570520
7767329367
7831411640
7998897396
8013627002
8155606767
6043492062
6394023310
844469874
1706650620
7139016045
7468342749
7395793768
6612219548
6153267609
1797734946
5419433151
6084437475
5772329302
7453299322
5111095395
5841684540
1971167709
1909023433
5556895868
1914171242
6107657936
1694851265
2061816759
7441787225
1869650971
7153632016
903547146
6200571110
6927211944
5749803514
7520735690
7392073262
1487344819
1873390210
976577304
5869900716
771236466
7086245355
1869335622
2020799761
7394889500
6649985210
6754449271
5426342431
7121853461
1505463793
1463930217
5654143830
6438315177
7792246562
6087494194
6176280361
1495423743
5554206120
6568760082
6987298188
1867799097
274349515
1114355149
5732071286
5595027873
6795387582
5271754489
5134248595
6573629217
1961118050
7307456374
1672502419
348864091
5323462865
7064467274
7538743984
941357737
6726583811
5278811890
6747740415
990454229
7203249429
6552767764
6555888418
1203955096
6486690298
7174589472
6722556605
6384862303
2074111423
7211279343
7445580639
7069130133
5543478783
1723487323
1969622067
6864307237
1457199333
955744245
6994883371
7148751561
6471472378
6818612432
6966375132
6374997388
1376259786
2018023757
7192809123
1993142043
6763798919
798703977
1852423189
7494686995
7936704137
1312647027
5936177768
5815249358
6800449202
7049487699
6142705733
1497637702
5332947736
5435797055
1940522631
1380814738
1933490475
5840798529
1343278077
6131875465
6996663214
698510757
1409782906
6530533251
5383990420
6179972813
6217949424
1047710081
7477609055
1728019792
1344480633
6352648165
6071088388
1825105913
5918854909
5864793886
5489498968
7137934964
7291378427
1551448500
1756006154
8144705646
1934143983
7659897083
935341906
1326899901
709942802
2048791561
6921741227
1071308952
1915479952
1022251480
2115537972
7801232010
7089882481
6234663975
6777545722
1067173044
7533325909
858492140
5362018507
6387234857
869883723
6857861449
1062795304
6733364590
5132868760
1503269806
1322749924
5141959891
2081208619
7116347382
880777313
1397951302
726535676
1662967035
6419758041
2069388421
1792349182
6440614513
1007462835
5328427804
6267902476
6433514658
5291301728
6304747602
6556630600
5542759283
1483666083
5330394008
2108495639
1261149870
202823503
6127334405
1180717110
5969450626
6341487754
6398483122
6804749640
7334716633
7153271913
6802669368
6648533708
1375008886
7069133100
7595211641
6438433271
5361596227
858672882
5392647548
2048585505
1928566074
7017668154
6629665904
1737475362
6498017657
5101417228
6967209408
5354859894
6856057439
1528059728
6713152910
5532173759
5995033937
7358467921
5286092724
2082917024
1444923152
1312552457
938416707
7395382401
5639434189
5160814110
5239546997
6219484450
1874057793
1337585869
6023390390
7458619397
6735057641
396178621
762733717
811754577
7025638729
1659131291
6370776671
5843010279
1039897950
948403958
6637116773
6615911846
5531395067
5619315654
6802351639
1391969445
450288534
6690039351
2029656580
6237714903
6855409277
5852978703
7354602030
6303325542
5492451349
6001689615
6002736216
752634272
1206437980
7695517599
1733720571
1468962793
5953493426
1974762759
7024165816
5113855387
902720776
605459343
5852034400
810873238
1896528763
6265602320
6889107747
1056059942
6935781316
6039058060
7798556154
6421735351
7425788447
7452579564
7523157554
7721181162
7833057443
7904652100
7933287936
7413166305
1364671793
1613968679
7290742706
7449934147
1565166030
5922932933
1146442025
1680985163
7112729425
6062225727
5020446916
5916819227
990957302
6052564347
1967329563
1994001641
5172694344
8046776968
1748034188
5184983805
1630553152
5088061809
6268681906
6835175942
820256699
6684068074
5772313741
6430054500
5284160498
6839915180
6323241815
7264582680
6844350977
6461595804
5442884213
2145192011
5616277677
7472496544
6045173996
5271401058
6948805179
6685162663
5237718700
5961801691
7276476165
2121548240
6192059202
6366947304
6067379518
1642783030
1146727410
5009745287
6814950925
5426237865
6303234383
1698471362
7872765145
5230197491
5168672529
6536312878
5078554560
951880257
6299639876
6034575816
2008485639
7408744126
1982994802
6399297480
7390911559
7543511713
5708933085
1894959213
7269273200
5203280597
1614581159
5967416850
5533551610
7305331013
707139615
1844343432
5189297344
7061465751
6962277504
2039917074
7503944729
6445456753
713037418
7611956387
6998775871
7472851523
603613639
5675300370
7428424287
6033834407
1281254439
7462795366
7103916782
2146851180
5713290480
1951334633
7461861711
1138888086
1875019382
7254689066
5487892619
5771983810
8071573988
5695992234
6128556097
1284027168
6512408310
7834865607
6237099895
5455575090
6039264652
6042125991
6017946062
1889179066
665241292
1683659507
775711383
6978028967
1861412722
882894200
7430502619
6733076976
5643804686
7132652246
1678582676
6359836234
7329463598
5961118354
7599636843
7987750356
6534672941
5948276685
7337638097
6312564452
7617159938
7318416976
5668907587
5757986417
7029853819
6087571072
7506612178
6487586573
7205862390
7463032142
920416042
5210751307
1925869116
7172756793
6979158250
6487118184
1376696691
7541467117
6503433805
7359021437
6836277732
7726712601
6729984927
6844681141
6236788321
6842986036
1438041950
6705708585
7421845793
6353073675
6811057783
1964635473
1493551042
6406268727
7006469932
5824781856
5660512012
652936733
5830399645
6240667551
1903173949
5482547867
7976810075
442266158
1447205859
6931325081
2106388868
5043914782
7570690452
1295243033
1976990012
1572259549
5258276602
6734594807
1866360521
6419044323
2056274196
796291226
5649088241
1961695574
1793259878
7705069539
7007880553
2047242199
1052098058
5952431343
5599210063
1977797676
2071100425
6054448886
5883924226
2003900934
214052121
6739386599
5835505299
1402365703
6184721067
6768744662
7024841179
1683451330
6553476775
1901686838
2118757985
5257627546
6297049914
6339122926
7009463185
976431101
7376565936
5220136246
6668365949
2101577925
7817002537
7016050965
7749096559
1272511330
7737358396
6975328088
921342106
7531047617
1417148671
8016597725
