1931623323
7117728711
5703031907
7073626511
7416682482
5688928529
6885314768
7364022804
7607266604
7317075198
7472550223
7667752608
7102466962
5265762048
6797205924
1873833530
1274715905
5001406030
7312108027
7840585088
7005393994
7105887349
7766550061
6882669452
7366449482
7935581976
5316880546
5973742457
5919019813
8073480986
5983701392
6777354899
5321888646
5201200870
5797520453
7135584450
5249324567
7253409787
1402105898
6328405090
319830883
7361004386
5745511859
2107433121
6594666419
7326613777
2002173892
6394414464
1693348488
7467064657
5238246778
6296955324
7794034039
1556340892
748577147
768927845
7685723529
1455603363
978540534
334748681
1878338009
7001754642
792906700
7454551776
8188632088
5672073552
7458730829
1338739675
6872873408
6013249651
1813801356
5817084865
7290937197
5031018284
6863248062
5362344947
7798656942
1552560956
1122233506
5537395528
5823013061
7136049255
7807327986
1036632885
1692442240
6604151292
1898940588
5726162132
7147604403
728180447
7454100876
6793689062
6246309486
1089170656
1487245297
5903963065
1983296348
7547588153
7482874325
5897615359
6590356849
889584838
6579565549
6978029592
1667072853
800235139
1812703180
1073298652
5558925125
1098821477
5905559074
7382587921
509882028
1398487268
6637334660
1625110486
6560179955
6008605945
5473175021
6733032647
2064667213
7705885581
5038716608
6747420036
6915795198
6564820025
6653252475
6732912416
6528316475
468876791
5509803311
1146917260
5545628196
6115534052
7938585071
6352066092
5687710207
6818853891
6556119883
7395859347
7444527621
6995251322
7301967211
8151501697
1705892579
7319176558
5390808834
5564638743
7054015061
7860319726
6931674219
6900559972
5605857300
7361339673
1805681670
1689094323
5178912439
1620628862
6311318851
7093385156
684194333
5766235604
5287093819
6838407104
584802210
7854730187
6369015125
6793811869
5575341668
1076534344
6231642207
6213281106
5877772026
6633463549
7328114847
7319710876
7289982469
7368616934
1250099812
6643195100
1160163891
6873806749
1143998758
347461888
6728245067
5730356179
6693796487
2135813835
5336017429
7454315703
7320768859
5890735747
6335887325
5613983925
8104176671
6679266235
6614082413
1178569154
5833779398
7027905008
6023760481
1797015130
6996217181
5797719771
5303137157
6411886337
7075669692
987166446
7618819770
326561721
953830709
5799000678
7272207671
6951243359
1177843888
7338112481
6570541706
939195744
5503943985
7267489563
6168929610
7496920143
5120347970
7326055825
1043626768
1396359280
6021821146
6445994209
5659425198
6289358499
6277591866
6389676667
5402989518
6511238735
902024977
6182913688
7472064011
542254823
1024184761
808348098
6944728013
636736164
6747995442
7841582210
1667511954
7259560125
5473714842
7911213410
5896571141
7067904262
6673448341
7079542141
1479484189
5830902119
1275612656
519187134
1879948137
1181909098
5958345846
7280996031
7495761740
5681267591
1540014984
6417028832
5125041052
1400220044
6464935285
7274547308
5770903421
6337369650
1911629435
655953056
1965700333
1928044773
7351201837
6683845938
7217873701
6243420345
1001654743
5547817575
7504621574
5526523022
6289943266
1843882300
1252684179
7454814942
6741988465
6029277529
5490534067
5951768306
2093723433
6459851134
6906181935
1882316795
5838355574
6934101757
5995888751
8176820592
7292218160
6011075238
6314200202
6441752461
1593317088
7134326479
7574943551
7109948800
5286445001
5282341341
1445451691
7383069102
7288171749
8073843034
1140500997
7717074153
7560518079
5178334406
7315385767
6164490707
1500573607
5885640663
7207836260
1059591992
6306333011
7122760042
1877220372
6971524772
7893897838
8077479
2106793984
6913194837
937409745
6766971042
1843891504
1347054654
7420772777
6689830416
601983189
901085100
5302328814
6854706244
6178598513
7402933862
6949412698
5606081285
6999784684
967620860
5064063800
6401518324
7677144704
5711297707
5761779847
1909750820
6922032794
1003257437
6510069113
749784468
1070881235
5382365333
1437492304
7367709397
5098328650
7514965738
7139088204
7244439453
7493013290
6457744770
1977920840
519808932
1861775458
7083580109
6168249089
6605725113
1645531298
7530192499
1780899243
7259526984
1103390480
7807765472
5809749135
8015274836
7353273702
8169648475
7667903534
7232930696
7317003463
5765655683
6293265566
6512872289
1118135489
1864895366
5870387009
971332167
5066890568
1075793209
7859319120
5977540772
7395266682
7142743139
6220063164
831634097
2098217249
5474969236
1309689655
6771666065
6131283318
1371133733
8131843011
5333933344
2005560573
1941454061
1804375153
7126695621
7401574005
6845901284
7109101430
6410080049
6714760192
7346002399
7375321191
6749830118
5548237038
549475635
1772726861
1072504477
6411677667
166385360
7583369798
6536222789
6137793441
1813033041
7307960207
7870116506
1669385273
5055372752
7414719808
6303444269
5289788876
7418889787
7105641226
7681638434
8090500173
6713247416
7861680959
8050566770
7038241377
2032307322
5013415228
8130673401
7398927416
7479580097
7076875682
7630870371
7730768688
7397528716
7516780555
1376632871
6621864165
5038957552
7125541169
7609931189
7650263480
7897441840
7999849256
8082180774
7564119548
7708804058
7718871199
8139769394
7327918466
6321967147
1410533439
6651975910
1774303156
6689849562
1618443789
6501510346
1040188728
7401459378
7031745823
6578996752
6589363190
947214013
7441846966
1899804749
1117977104
6897103180
7078087409
7740113762
1216134795
1897595258
550272195
5457019642
5967545834
7037340584
6784838358
6598225023
7355140596
7412224621
6292914723
6609658549
6347385337
5658215472
7904704993
6354186398
455927951
7926089953
6588700475
6010097567
5034641359
1858401033
735983369
7773961022
7494408731
5472986824
6251157818
1599139550
1161972325
7310767930
6778079933
7878278955
7505391977
511147351
1350651744
1126406391
5733786074
7375699358
7815830672
5159415276
7059539874
8019757046
6494491107
804304664
6014079943
1716449368
6697722848
7607810257
5947313529
5047167174
6417795017
1834069594
7482076338
6586940583
7477908804
6979926316
444701500
470569102
6805109427
5031218939
6057234002
6123360081
7100985462
6151789570
5055268479
6021526998
7643702014
7776567333
7403602914
6812488640
7716754313
7929576242
6562591950
5676436796
7362909092
1326802830
1970703719
1868203222
6081007634
6675034464
6774434032
2057489404
1631367816
6391699186
6564445320
5597326275
1197479820
7521932512
8006550580
7751342563
6657382345
5611578688
5956066517
1631805436
654892440
6795418710
1122969373
6306503522
1433960057
986386120
5161967178
5997095525
1649355020
7750572471
6372581733
6859283333
5769956642
7782220576
7344506548
7022309569
7632529526
7689589148
6765222450
7624833879
7879787973
7993352185
7714531838
6007831646
890235924
1694199827
2144701153
5780937176
1739229347
6750364831
709235091
7469250694
1892124124
8089253523
7461127300
7025644167
7429929506
1233055284
6919066515
7159789280
5745060043
7024426455
1958909097
7613844615
7946552720
1664487508
6960366830
8052873977
7178135919
8043588745
7349350533
6663241945
7131503761
7056191057
2091448473
6697502053
6064421541
6708599136
5403603492
1773650348
6745284879
797908718
6621487607
1957905031
5679291071
6347437884
6569592642
1602684497
296515506
7888247361
7467490186
1822248074
6478199279
7013384899
1906843150
6576051616
6443946298
6092202210
5173987027
1967570084
2075791567
8143559578
2130465827
793636856
7387102153
6297727011
6810717442
1970545678
6443035391
6172532035
5566225978
889391590
6757926443
6736593507
6621062229
7607327727
6124052709
6784174187
1913069024
6461756305
7802891637
1547632953
1777334546
6209561543
978960524
5471015365
7461872253
6491764503
6922205012
1342072108
6426199275
1383202624
6895039676
1965862240
27973372
7480166289
7199297672
1721784221
1693225964
1735857933
821707741
6941726423
1282920889
953996732
7547400222
6533170091
6565990696
6238522995
543432452
7380750809
1953004021
1244066428
2071219710
1412009567
6410776113
6009283919
891967909
971422588
6358416191
5886394005
6454364326
6946968475
7621971583
5707029442
6376909032
7026701366
6921267889
1864720365
6187085619
5822875355
7461075923
1943937908
6943735062
1412056886
7252059147
6700012147
6199110251
628769284
7308400043
7313523808
6713596721
6975141142
6830997555
7328993382
5055092987
748771985
823837755
5342761486
6816290913
7121317535
7891473204
6580416816
6747019237
6637652160
6587279666
1934336522
6792333537
381354830
6034810203
7304580019
945771605
6684673449
396758021
7944788726
6444032742
7918741991
1621986098
6729346857
6373689120
1003379742
6549424747
7320203701
6610926638
506907951
1074660268
5568834290
1331735513
6212244981
6856307097
6585472097
1866533331
5577858853
5237631540
6096486946
6475996319
1436575054
6537921434
5393503121
957967563
6739755139
1493544416
7317739935
5932409880
5406765507
6755284440
7234032327
1319332001
6943677311
623950046
1005900085
7700839156
2001235323
6613491789
7017656306
6267896523
6700030226
6398461340
6625043413
1800811623
5710049388
758532881
7052209798
1562008758
6099027361
8123437881
7641983727
7008038381
7118883274
5158325362
398373508
1103402364
1060457517
6043817359
5710461895
7155547052
1625246659
5435022552
7328680209
838316803
7377796560
5611233415
7238289774
6096256571
1346721160
5536054663
6275173614
1805859783
7679553704
6742611035
1913263125
1917057695
7433968700
6482866182
6425898838
7491772385
1569344531
6435932910
996832532
1297184702
6740782018
6237390384
6668459049
1818704544
5360847908
7325684690
5063154493
6710572443
5492622886
7936109013
6001081121
6118779066
6704903458
7260633599
1925912354
1330155168
6609074356
5043028748
5736177161
5938746091
459070804
6172990309
460376567
7892190076
745135963
7246869223
7514435264
6346923592
7532082489
728980988
1004581053
7660464369
5213321427
7912299507
1220410214
6453700930
1205345602
6729677286
1421279178
1307218079
7710173331
5952831220
1286321733
1858228762
7100482215
6986711669
6781406154
5326943268
7005543524
1813804392
5753656360
1292910496
5042947134
6047747162
5328756544
6813674313
7002051791
6247404978
1859618876
7889980657
7131938770
875456153
1620263273
1604977793
7593353745
5295491448
6297021500
6436208821
751507130
7542118745
1096580741
1264305161
27870151
6481102986
6691499071
5149344279
6090946464
1328069710
6879081641
8000119710
1866050846
7286475930
5019081412
7104749665
6960776734
1903479474
7011323009
6830488261
6944794832
1102097319
5161722090
6320153227
5252176145
1942922280
6806127178
5672883889
7523732049
6476369933
6817162910
1995842571
5087570599
7804459276
5813385507
5506428526
1122592029
6149640457
7376977638
1137804086
7337176813
1028825897
6012322602
1647732548
1248697295
1203253307
5106658393
5206889166
5976068282
1457517077
1666573397
7337703848
7180292110
1409351265
1762468232
5462432162
1627728948
7625739180
1607827399
1886581211
1224419975
5809343945
5765895729
1553867195
5339634945
5631345526
7013925532
2091737232
7696545609
2116040981
6924915041
6911895537
5814375315
1200980394
1634903020
6797654069
1219329533
6626303978
354795948
7316523451
2007352376
