5629943511
5150531166
7508862819
8108751600
6676056245
5861406077
7974767949
7618048257
7561352265
7488358896
7533371200
7870842571
8182259958
7934828685
7715172197
7534621046
7851946028
7611588116
7157661308
5697271275
8079568240
7881834935
6936757277
5197929359
8051897318
7643324324
7271875678
7877736083
7631719984
7532800338
7593904676
7274470805
2054749535
7927865350
7889966444
7532801159
6357648774
5439003481
8002689056
7003217377
8002926714
7956984474
7574936043
7372187945
7861350262
7860327733
7673736146
7564565933
2085970091
1865353578
7942460262
7826747737
7730559032
7476123988
7022497707
5339975825
7861267041
7583250802
7364913001
8187001899
8166973384
7728886884
7527728200
6782798606
5862204924
5614824818
5602657472
8171665930
8150619881
7712807444
7673846431
6079335168
8184484983
8045583148
7913583805
7830474987
7779987108
7704771401
7663649017
7549502769
6353876911
5165402081
8051053985
7968779508
7725889851
7682615632
7676662952
7529727987
6377500078
6273955316
6257590001
1230321195
1042229461
7925174218
7849475845
7430125171
5616648994
8138058668
7701776477
7565992093
7461000240
7391693223
7039922639
6993283913
5878248022
5614370730
8060092776
7892108401
7849900601
7299997841
7290939898
6544560572
8178169605
8081003637
8079180256
6602165032
5750222644
1769981243
7763162522
7564634517
7534993658
7494685941
7308145400
5217942297
8071085871
8002137488
7819001942
7522149614
7268256054
7183932022
5892049388
7969773255
7924830142
7836098498
7698327870
7610210416
7577786590
7376745568
7013576213
6731524629
5289131814
1550465512
8118032454
8025514653
7973508560
7968624608
7950607876
7157101359
6735977972
6497313240
6406803469
8165269448
8018597141
7929173750
7916938362
7322639584
6293524304
8194348382
7747629650
7736816086
7706528684
7649831617
7314521434
5891202732
1592845699
8120084148
8118407531
7971245629
7944513816
7912832255
7906678638
7771178609
7600077263
7587204609
7570450866
6025373369
7969806516
7867817865
7753965786
7608336187
7440137370
7402312771
7868592839
7808650884
7741046851
7682448044
7650997625
7633380248
7615833170
7496613613
8181539675
8121861738
8013028801
7979093653
7971706528
7964509736
7964004494
7861192366
7820533884
7504321076
7296557840
1922062834
6481223397
1902837898
7265905931
6133134289
6877299466
6679416958
7898526023
5010889699
813749102
548944008
7239684630
1790585902
1475177763
7145577242
1382732749
6473877343
5510664325
6068347468
7446574365
6289504009
7313466655
6875513981
6803105024
6292142946
7023607740
5865779748
6305588914
6862279133
6162059139
6170122448
7497830757
7212225135
2055575836
6151451918
1942269556
7471977690
6378514182
6488394079
1435064451
1249055273
7292724853
5125417864
7782428673
5968068846
5178887575
706016352
5267996695
5784578525
7003060951
852940661
6683283758
6540293675
7136723388
6619196354
6633292089
5834024178
7080032578
6115406147
6173309393
915486322
5842428488
5578351138
6462930833
7093731018
7433188327
5231685317
6332273933
5744076147
6900142691
5686048350
786703287
6196587505
6481810065
7510304342
6460590335
380676016
5009854959
5602087969
6378241480
1963817753
6331815699
6612861939
6662537914
1340185206
5073559143
598586872
7973004965
6925451808
6170218965
6290735006
7370955028
1181195551
5945204658
7061910297
1744115360
6839948710
7944144729
5154368569
6927536345
7033604322
986286249
5477899187
6692941385
6493614801
5902790671
2113894263
1192861745
1046666814
6607119382
6062093701
6577840891
5211245451
6431817339
5053542537
6221910533
7073830296
1180495365
1138328035
7457751064
2136850539
6680011111
53762361
1466014779
7125497901
7472963214
5803956795
1590132410
2019868707
6470845547
6916104152
578438046
238509523
1903974194
1374240502
6787352438
6534492022
6219575763
5914137158
363500570
6779894128
2067666946
6478875485
5244328413
6798878321
7272274474
5718531326
6761829868
6973055307
1031567710
6347923187
7111397114
271842977
6677845172
1413631167
7143458296
565834010
6072733132
7294090006
1444945693
6432586415
7163965752
7383486137
5152077815
6969719706
6802715943
5912899959
6927644890
6331818253
6240417970
6390968634
6445024433
6504441543
5898524810
1996752749
544590942
6510122735
6706561541
1210499358
7183972044
196067998
6798804988
7471371303
7369161006
6848577894
1087850293
737386235
8036386155
8188406750
6744681014
7528398101
7587904595
7762500859
6487759079
6614588226
7535330590
2116714514
6612237117
6056154997
1948245716
7251950235
1829948520
6785350502
7000507963
6483933793
6783977400
7146817330
6292778453
7439721830
1725272371
915259414
6360748902
7253437177
7011179282
6613461932
7743579376
7393276165
5562160558
5627067898
6545782027
496950197
6750847438
7943642806
516022210
8172765362
5917386155
1451258502
5730746163
7732433917
2115479736
7272116731
5587340263
6005331388
8044993609
5015686655
8197333389
5525044595
7903155380
5299181242
7020051949
1761606910
6209168708
6689409634
7708059219
7965014021
5403647163
7448366878
5278034161
932459053
7365441663
7184048886
7725827316
6114062142
877529742
6221416451
6103100934
8054523434
7201913291
1672556646
1737229474
7717909811
7413172233
6844218181
5411590181
5649527769
906060712
7302012562
6807120734
7955799177
7458764718
5748576312
7476457174
7726174128
7507071007
5642533386
328048680
7096941159
6349967883
7517617318
7190076676
2107028445
7622641920
8078675992
1369297693
6330548035
6428846332
7345946707
5272946132
6046307650
6895525332
651611396
1202550244
7825152961
2031596781
6871485560
7970390712
7266481353
6237211933
6415800791
7793975571
1883076995
432664485
6624096811
7641421348
6540776314
6161572094
5067962184
5692336570
1976756720
6820008541
6772752757
1282461743
6393179519
7127666563
8110548362
7691084439
2055040732
7100858148
8017457921
5480532943
5810148796
6968988288
6408337327
703984518
6717151915
6726076778
8177745201
1613233353
1364196296
363746812
1597734535
7316856588
828727315
1711676774
1098004510
2075322041
1882434739
6753115984
5589455279
6259426074
1253508603
7684658886
6069650198
8164291631
6725085070
5702653662
624658945
6678900364
1020228506
5826064921
6841588444
5644757290
6165615611
7472292636
7258726532
1653696284
1559753370
8174895083
6945359297
5770812334
5625686861
5567958337
1305199855
2104156332
7983215973
5412132165
6197423448
6140713496
5996110843
2022115165
1149858534
6499612263
891670728
7225949199
6582226094
6372412774
6487562282
7133717795
8163274902
1488088769
7734147206
7643703060
6461235867
7704499902
7126531356
5062426269
6711907863
6591573720
1840856141
6614705211
1451951010
1165075980
5353826723
1761844485
6436606686
1199767887
7769452644
7536663443
7913660946
1676271013
7272534669
6833780903
6704816605
7160271655
55535784
6616868423
6396896662
1647691846
7502127380
6973071482
6316174763
1617139154
1864372161
1695986854
1680236588
7777588830
1938891016
789466030
7780408042
6184868739
5889472533
6962527056
6463140046
2061540890
6283174518
6982364639
7014373232
7714464346
5310753566
7807206146
7724936005
1815081988
6557428095
2023972870
472350836
5109172598
1132614233
5002969179
8075274400
5641675652
1977331062
6154752066
6247357917
6549787876
6475201784
7446670820
1394949367
6897915997
45038062
5236823023
1206633347
1072305793
5233790652
8009300226
7310521304
1289442425
6417769332
6951534281
1453622676
6941600452
995007379
7382362457
5217972926
7591465722
1111001549
6318352044
6713837337
7988678912
938526716
7507989175
5371560572
6774170383
5698734441
2141877685
1849687370
510872600
6269531536
6594642213
7202313601
6548851939
7782357938
7379051249
7141628196
6340604929
7065989091
7237204597
7120239207
5753240352
6896059241
5804975616
5261709042
5844797833
8176354625
1858824574
5673712393
6413230849
7626691588
6926684013
7064163862
1874980493
2057814717
2086015042
7899045476
7890774480
5364728186
5745177784
1670415944
7157378888
7730210148
5497478924
7011168867
7016477817
7426380061
1398419814
1815742567
6880591338
6824596565
7773933576
8021835067
7745938563
5300915016
7549704413
8066448747
5328870237
7326194950
6443619552
1252534429
1833582811
5894353017
7076200369
5032098011
7835468120
5881173731
712036097
7713029182
1770739643
7645663254
7432374886
1226483778
6095014973
6224052440
5750232018
6760457129
6432201345
2046549623
1441225752
1242027779
6206524985
1801486638
7167381690
5166594734
1088864584
6473474865
1740737392
1251571886
5254702698
5345902150
6919619174
5291868627
7139161271
1595542788
7341683074
6192699114
7180491092
6790184248
7060008481
832519945
1222134640
7832959620
7362631792
6883251012
6751105751
985734409
6910969885
5429004177
6857597667
5831127392
7009387447
7181048546
5878620893
6830769344
7348637887
1750753756
1028289316
6809988771
5001167835
5834044333
5840896012
6168444360
6765663881
6405072871
6856907851
7080435635
6453703185
1278358783
1150808680
1070414952
6413839445
6569328990
7334212470
1522446048
6130308484
6979404591
2085535415
5599769092
6478521986
7336074104
6347360801
2139013957
1059731810
6599371251
7291564469
5054053187
7174359408
6861204936
1543167078
6769753609
6713462113
8060510294
6707291086
449034004
7885245209
6684883498
8012536136
1836837416
7465333575
1279253670
1173489875
5555662553
7123393192
6539265977
1822013945
6896697664
6877047037
7171799514
852727189
5049308102
6026457431
744326480
6836882463
6906358972
6945838419
960085079
6386009262
1187450020
1195124975
1288478238
6205871859
1343514207
1666842216
6179174403
5494675058
6246774339
6837416560
7046573106
5725108125
5098165668
6607356654
6876638379
1159897749
7865821775
6370295118
7280650907
7297076362
6311400878
6975686439
5023896666
6078932259
6392396592
7344709293
7700376992
7205264654
7508993291
1446057067
6725806968
1360553557
5768509684
7241289808
686913847
6547086909
6363290240
6125271894
1291897782
1338166214
5889481803
7395107598
5899920287
7228739470
1114001694
6589255920
7821904889
5633800195
7852655745
7619616016
6111223523
1762390827
6013884904
5392726876
5028481163
5668311236
7186271998
5342910745
5753490552
6817300078
6445342566
7133408811
2128661727
1880272056
7100443084
5724585882
8169291045
6970137748
7599405033
5744103495
1102105850
7693465224
925890363
5460058203
661873414
7223759743
7444705177
5738870353
6346509070
6144724247
1125160774
5613032688
6382816021
7463498015
1276000852
5087657166
1626466509
6279527228
1491924530
7467780323
5592676182
5628255631
8195789467
1151456260
7212563859
6457949027
7207444513
6316126417
7394673977
7263819834
444364509
6655733644
7196197394
1340863052
1696006677
7508010251
7978627492
7549985508
7884367449
6755926196
7361078289
1304664539
7095555442
6467304219
1406277593
1050759268
8063960762
2015695006
5671806299
5127339381
7385253794
1155592727
1829518923
5067083001
361114640
1383205843
6955360371
1658407730
7413006428
6493947581
2048247434
7326313646
6337125721
7679600787
8000791316
1740256303
7965724809
478007508
5178206721
7266423793
6314499339
735796896
1742066677
1891754907
5526137531
7650817405
1913126461
6865917996
5081665469
725848106
7064239215
2076822428
6179839840
6570865876
2127958793
