1121700818
5722974270
1469733347
5319257360
1478709801
7167140470
5345868533
7178544709
7145062719
6013230264
6342905567
5346121156
1448556880
6910646709
2044180465
1037995381
6656427963
6036692115
5072092708
518778315
990026253
6822993661
1109173306
6657931596
7137321835
921979737
6172768478
5537278670
1799578881
6050981088
5759996557
6540806953
7092665089
7101307562
7396073709
651613290
1291612240
6780636587
1902630924
1597669990
7040769928
6691501965
7326480619
1067174390
5662307246
2087375382
1886640030
6769721300
1291701321
5080175157
1671264962
7192199662
174663413
5584911777
6508521753
6479826115
7413166090
2123437943
5495870366
1670991308
6098718625
7019302769
5793243634
6650244391
1954721740
7314185875
7192150988
960442465
195704271
7016753115
5478524204
6753181090
2096034311
7467760598
6813997105
7120438168
938450871
6699506017
5181038886
7077621157
6152310500
6029684875
6079842169
6914096680
6741587225
7489282039
2122229787
6704947702
1908797697
1869704681
6795985760
1018138156
1853112902
7248023331
1180530612
5643635607
8160083132
5359781286
7433689875
1083127524
5296628235
6134545404
5075183654
6257946084
6302595106
5705995045
6499115105
5992489371
6691837588
6189833597
7796399279
678029619
7246400851
878025797
7611500214
5994724235
1256095503
1917979596
6874695313
6036701959
6854450213
5317448125
6908248471
5784120737
7213549799
952987594
6423132725
6665047907
977923427
5392412250
5124731110
5248002663
6423218606
7138239048
6674140471
1887705122
7023588604
6200415345
6405347772
5763550985
6188839757
7800200488
1000500750
6475771386
5609814554
7537085542
7819995031
6961943969
6418203426
7008718842
6508172941
7582905177
1607264516
5275908796
6792253486
6862957377
1995018027
5728611572
1818463336
6179894682
5040268303
7278652606
5214468394
1611471262
2041876581
6608124307
7980540981
5993295245
1660179521
5775876155
626600677
6519728817
934317471
5932771535
1199768003
6160569666
6055309981
7012836130
2105328043
6161636139
1105031176
6292823384
2001417105
7253619099
7469640818
993931309
1527545210
1528738063
5066648215
1766731691
950522392
6764836774
6219346382
7313492560
6623246751
1091538802
7043511391
1322640993
6810245921
994316896
6003001234
5619123995
7247938523
6848614738
7385641338
5617810944
7788564367
7263040640
1258234572
6120227673
5873990441
1459029190
6176225755
7315555364
859506220
195627419
5587915564
1428317462
5651069277
7447513724
6109587767
5365724628
6896591427
7282865650
5580403448
1070671346
990108731
522196747
1649255265
2036169824
5727019253
5965733685
7101794505
836841894
5106948817
5181898394
5820969263
1746360801
1688154241
1807075900
7247857456
7015483682
6838704561
7373078473
7037760347
5742048550
7370121334
7394768952
5699084332
7083405515
1347905128
6310146351
1336894091
6307861986
6008798252
7123208502
1790962219
5576395187
655091737
5538860894
752563658
6295918140
6688917056
5297794633
6157176119
5664137138
6779252924
7386920360
7861515194
6886983885
7436255892
2046213554
7833809814
6729148202
6780718801
35270186
1885290394
1088182680
6125854184
1966059700
7254981156
8108775882
5767719442
6756933336
6751505534
6321341362
7369018129
7272500739
6584489050
7720174244
7853601152
2023251310
7066105842
7532067208
6097913685
1974914864
6845651366
6535259010
5894635689
709459057
6998861788
7093212203
7381984441
6525550142
7053370533
817538296
7454113757
5376320469
1421788430
5394064069
1411487565
5308086038
1146277892
7669676777
7080548148
6057605745
920069318
6589733132
512852972
6444269083
7395212261
1890205716
6585876024
6718940622
329809918
5727395596
7319256883
6695252510
1952046983
980885649
6726625523
5193283523
1808297356
2032600474
7526944556
6145390815
5591503335
5215059930
7266864573
6432405306
6762675730
5253301213
5458895364
7044307028
7726585151
6085999659
6699141009
7505036048
1637792774
1758812879
6221164205
1856330308
552180227
6902513684
5853453368
6527630890
6930339044
1636226747
5756531215
6699256769
5702513521
6970205020
1261367135
6720560260
5535057031
5991285636
1344032223
6511712890
6215494519
725080509
5043483934
6574148870
2117988745
935557494
6430809310
1610434566
7888520998
7384475101
7264980261
5678564252
6191306466
1726187453
6900319278
7749505197
1493384710
5477653403
2098506905
6775804930
7386788560
6351169592
1474605295
7742169915
6508714745
6031519609
1116034743
1008076455
6337290193
1740662715
7322098051
7775448475
6510479584
5078645237
6473282959
5720192606
7415986224
5075729799
7207023727
908352927
974910978
5819342626
5342646674
2126515172
1394051304
5802031239
396417704
5034619484
1783082288
1680564956
7082106439
6160974661
796509417
6853193342
6371770349
986706085
1879368395
1472317220
1001694685
1138260786
148947557
7552684126
5750088632
8028920882
1325825377
6301221153
7158924383
1744040487
5800004892
2098783701
6030525353
7447561963
987887666
1170890692
6980751302
1799823859
5195295710
7192938409
623179581
6026463884
5666824903
7506810513
544396814
1781697516
6530786353
7262686537
5850899221
6623928607
6963001901
1329834129
6617545732
5867135575
1949292859
7069826127
1776836210
649119944
6567465055
5057338371
7156486133
7333951585
1551766315
886560269
1839378885
5124491095
6897194331
5819513073
5888033114
7425669843
1727090597
7358136388
1564136901
7313858813
1606945456
1845448152
599190715
5697346328
2065110767
876202917
1560412082
708167248
1582368248
6303494089
6994248753
7079268218
7219538695
1840767313
983402610
1124711382
1188467837
6621731217
1912133166
6832512883
6031273088
1864779826
6309381142
7355904201
6617206386
6691253513
6068857346
7370938183
7470842491
1291932367
1495317819
7566239271
1035057896
1929081294
6433400653
865103261
5834282333
5207376215
1734002977
6448046661
7487842646
5054770653
849611131
7646460426
1829292848
6180439578
6746641813
1364159485
6003039024
428463318
796279119
1961859279
7939445671
6840235504
1881054733
1000006781
1027438071
6526333963
7042554844
1021786963
1655524707
5681124547
6061851099
6376514225
1691178421
1742918272
7068075919
6303827450
7052986250
1754364723
6961590836
5689746232
1641786287
6334087217
5579357005
1901082912
6826294430
7289257488
7110720454
6747125154
6845528748
950898217
5982023542
7188579957
6376569105
933155288
5910560299
1755010103
6249421953
6279269229
7166738412
1210369528
955892439
5149356482
1289300240
1584916598
6896053814
916206654
6003692276
6341190675
1597997721
6458284223
1081164553
846614898
7114441477
7486596602
5991496507
6695716350
1223889145
178583808
6328844611
6512831779
1880028978
5392859767
5232950448
5700858170
6357016861
1702633101
7310949052
7473299910
6793249643
7398295438
5098748357
6438345856
5332714131
5420092597
6546236206
7236110739
1099163537
6942789261
6798356245
706924137
1513979103
2042271394
7275069867
1390118508
6900315827
5575728063
691045381
1560117210
1078141611
6622860673
139972309
5339773340
5871119003
1118205169
5159264865
6508589105
1921883384
6285973594
6893422441
7132422995
5425212248
1298718559
5469243358
5966473491
1939418492
6167982279
622936921
665874581
2027444489
6182401271
7875554654
7437118508
7410700824
6160957829
6421327358
6887018334
1882212222
2110427536
6313528982
6661259122
64551741
5136250789
1243523989
6480806374
6743899309
7231069673
6015040499
6226911234
5039453501
6575382579
1921296660
921933614
1298203060
7383005949
5177572263
1214914309
7366517058
1902204652
5988071040
7243314835
1339332557
6785600972
7822997823
1046193495
1150139606
1142029278
7381784671
1207730647
1778995622
7245366044
7865355081
5690320034
7301987174
2035472871
7485051246
659353378
1913536593
7126245857
2113939546
1446292539
7843472650
6123464057
5016570420
6254251680
5607836552
1163670421
5918852103
826743270
7930529222
432948220
6962699422
1865444861
7000956137
5357159691
5894798611
5196639734
5555271883
6636035966
7737298044
6418685347
1362592335
1762223147
1242605326
6800822075
5307744922
993960847
2031642009
5828380060
6973823956
1059032919
2026470013
6179335608
5285911780
915153214
1936562735
6907755360
7285258439
7511434560
7227767746
2137874020
5378662442
7399925286
7208060987
1367355886
6342071626
5160391532
1737721423
6872774035
7224804347
1617360966
7801845130
6488075245
1219900075
1625402577
5998035504
5861385851
6062281951
1952842234
1290903299
7518921562
1113825046
7077123764
6916711065
7116566473
1522026032
7145305890
648456014
6648066222
863937643
6978931912
7623007141
1540077348
5233666140
6101225958
5390218473
487873245
1905717075
5092826511
5819746750
7926629142
6780490834
1267292299
6676282859
1651180435
1016440022
8188204286
7347292411
5117316777
5268422547
6395423115
6993883267
1710014373
5203255577
6759428294
659817682
7049093240
7269621410
5333126682
5633294463
1843985872
1093980487
570270122
680338206
1202173239
1977036569
5054561815
5190262058
1506890149
1896623700
1258256724
5377149419
2064832390
5785666901
230014683
1655880024
5324461054
765290112
5442048040
5799395510
7254032156
1904159853
7460666483
6510198456
6995442684
941070483
7525353240
6809940690
6962379596
6680806989
5914515035
6297356824
6406593813
7444069462
876809593
1229011207
6663861559
5442266545
6183076721
1972807064
6491781839
5734594012
7291520771
6762544429
1329271174
1486776096
478997173
1100004510
7489629551
1853328514
6618225612
1433802350
2146668871
5893830014
1880553077
2067344038
1132169130
6771704791
6277382217
894538061
7146948415
5159448839
7383524830
861127546
1777109903
6856951912
1543816436
1853399537
865161131
6436786882
6231299171
7189019292
1641018168
1996962848
7143276130
957982322
5495130059
1235348917
5992191408
6218159578
5326694323
6108591126
6131309084
5975391870
7020209239
7149749283
7194280543
6122600534
7786631404
5947137631
6058136122
6287406777
5712458263
5753298970
6455320916
7494563420
1368009563
1843018633
6043519250
6858098984
6439425106
6526637509
6828881688
7743393716
7368201921
1922978923
6615622665
6796588261
6307705162
1517064114
1626256274
5285148247
5752453593
684054216
1323923481
6893114986
1418234884
6285489537
7594493329
5664318559
6610720550
5805969848
6628512622
6278358181
7261585788
5783168165
5793746496
6484664442
628300039
7427636938
5938055083
5136037797
7511031259
886722260
902683235
1029438419
7164548244
7530487059
1899476220
1640842996
1711539730
268807500
1250717837
5499914163
1859027399
586009174
641183697
975805892
6895695410
7296497921
1867967188
5373765352
6488485319
2101012110
5933827726
6878148792
6408712008
6623836292
6948027222
1919871723
874507737
945653033
106545401
5337775998
1928569282
5856725333
1674658881
1719257889
1844302603
6119049999
6396542395
1529943374
1871511163
1433571308
5020524798
7392229648
7455437152
820765198
1941582533
6375192430
7186848380
5038225690
5125144736
5334791072
1738807503
6820176429
2054374550
5997960821
6819951800
6901478382
1161337266
1714779427
1046820885
1443782493
1814804889
1307970433
1918329216
6182619864
1030014545
244669536
601770261
1183635835
5592282837
6232077077
304845104
727622861
1320667776
6588525552
7061247320
